-1.401188182713180574e-01 5.023764297192803596e+00
2.975907425836537890e+00 2.043606528868783467e+00
3.174464107509262778e+00 2.244526881125424200e+00
-2.841453083717896538e-02 5.312481149453088136e+00
-1.684388369004121422e-01 8.990159635634032753e+00
1.926039171631249491e+00 7.013334109736057975e+00
2.175275947091555917e+00 7.267212777646028243e+00
-3.026234453868907950e-02 9.355889026721346369e+00
-1.789064330238337441e-01 1.292694071265043121e+01
1.935714712392541337e+00 1.097595048236201798e+01
2.138010995349675536e+00 1.117989114785539861e+01
-7.293625872420063383e-02 1.322047489232105377e+01
-1.410143486091542664e-01 1.589116465426533686e+01
3.994123952442613312e+00 1.195659295403328848e+01
4.301153259172287413e+00 1.225389835525264282e+01
3.075634854608361515e-02 1.632519193051495066e+01
1.019902696254180086e+01 8.797777850296249369e+00
8.051219357770824203e+00 1.073165389528982949e+01
7.745636456949513970e+00 1.042426608464140791e+01
1.004878063641294617e+01 8.359078300320598842e+00
1.016186576419785226e+01 5.897823388204963102e+00
6.991046185900274601e+00 8.805851689951664341e+00
6.638598268415790926e+00 8.453985951479785044e+00
9.968449244037694612e+00 5.387441818080905165e+00
0.000000000000000000e+00 0.000000000000000000e+00
1.000000000000000000e+01 0.000000000000000000e+00
1.000000000000000000e+01 1.980000000000000071e+01
0.000000000000000000e+00 1.980000000000000071e+01
4.870982798964172411e-01 4.417123811781542564e+00
1.012473798317781837e+00 3.907962707306957828e+00
1.452836013577880392e+00 3.480589676250807063e+00
1.822179230893176349e+00 3.122722386280263773e+00
2.132044722510282764e+00 2.823206870236661725e+00
2.392811023167181528e+00 2.572855603974673500e+00
2.613685124117045788e+00 2.363639437775918672e+00
2.803626781329549900e+00 2.184362350766577254e+00
-1.107757107807418456e-01 4.006408300263132105e+00
-7.550208765964069868e-02 2.992498201500563226e+00
-3.997662488221908478e-02 1.986765890340483454e+00
-1.339357467424131393e-02 9.908416723859777564e-01
3.077053931984118584e+00 2.144037404231656563e+00
3.022048862316572659e+00 2.370547514739941519e+00
2.835968314527532730e+00 2.537283588508677745e+00
2.611359657158021097e+00 2.751998417958647636e+00
2.342172968231333918e+00 3.010739921428459809e+00
2.020191072011078059e+00 3.322238286359493031e+00
1.635261473050298786e+00 3.695982717307355170e+00
1.175728963066329236e+00 4.143418931906633240e+00
6.270751262220110034e-01 4.677133745889197947e+00
-5.352404408591626001e-02 6.228412801308612856e+00
-9.054247285741069684e-02 7.142828592605551918e+00
-1.340729804666685454e-01 8.065010946172421313e+00
4.338610358605710648e-01 8.409696555458708644e+00
8.956588104976814790e-01 7.964832337459728961e+00
1.251178817450510516e+00 7.623262318468428944e+00
1.527273865311731038e+00 7.360029248676942970e+00
1.745754850991125817e+00 7.160440195748165593e+00
2.054891366904232797e+00 7.140415978091653848e+00
2.035620174031757212e+00 7.380804867957220239e+00
1.857736546185067450e+00 7.535966262967946250e+00
1.632887965549569609e+00 7.747221474330990176e+00
1.348921482762476920e+00 8.020865823296983166e+00
9.900001994362991331e-01 8.368058641190094349e+00
5.385068789011471235e-01 8.805422482244098958e+00
-5.454290787823922598e-02 1.025122733398728059e+01
-8.972931946876683273e-02 1.113857002643925398e+01
-1.362579397769534684e-01 1.203049036136363448e+01
4.308725067846831958e-01 1.235161441983029285e+01
8.989488125846529787e-01 1.191169237740438369e+01
1.258380034542895709e+00 1.157523049194443665e+01
1.536573563516964835e+00 1.131734020291139764e+01
1.755028398879998841e+00 1.111908099423258101e+01
2.040458498816605015e+00 1.107823925321121550e+01
1.998916862710684139e+00 1.129038968024737599e+01
1.819580382757353787e+00 1.144348982956854499e+01
1.593675578296173123e+00 1.165096112915919413e+01
1.307618849902781433e+00 1.191732463672729914e+01
9.479247786027296119e-01 1.225502459436503067e+01
4.954463324510523514e-01 1.268182945272073958e+01
-1.028503946885405834e-01 1.411412680635575256e+01
-1.248229160463992654e-01 1.500466020989926363e+01
4.925353514892115148e-01 1.526440135748139326e+01
1.048514293174374279e+00 1.472010667135349138e+01
1.536913257219552298e+00 1.424765224502785443e+01
1.965791732386507729e+00 1.383700226246486586e+01
2.342242401147675679e+00 1.347930936231473353e+01
2.672657374907821737e+00 1.316693405080185819e+01
2.962642094392214709e+00 1.289311885369523125e+01
3.217653222534384128e+00 1.265264531887241084e+01
3.442478125824715462e+00 1.244129061729151609e+01
3.642585758398353857e+00 1.225575317277981213e+01
3.823481054729718220e+00 1.209393401115402789e+01
4.101962531764193010e+00 1.205544760860282949e+01
4.204476565204451788e+00 1.215633589464421327e+01
4.152378344416903566e+00 1.236911938085101959e+01
3.978190653044173075e+00 1.252261222981281463e+01
3.778383199673209347e+00 1.270563914752970014e+01
3.548956053859737114e+00 1.292105726843227309e+01
3.285544254328347513e+00 1.316984376225040876e+01
2.983601237171173537e+00 1.345686254326593634e+01
2.638146709813242285e+00 1.378523864746774130e+01
2.243639258407617909e+00 1.416169072911903193e+01
1.793680954057881527e+00 1.459407292890958274e+01
1.280851529768555208e+00 1.509153790274850060e+01
6.965186337932789407e-01 1.566467012489829358e+01
2.085532048470008226e-02 1.719597477017280340e+01
1.410013223876592330e-02 1.806468673371019662e+01
8.706296620909603767e-03 1.893185758038473665e+01
9.575791270749574480e+00 9.357288361258001785e+00
9.099336143984320557e+00 9.790022711056272087e+00
8.735930249205331677e+00 1.012513484470125569e+01
8.454858777292679761e+00 1.038376256145633114e+01
8.233430742333137431e+00 1.058451564168331949e+01
1.013244103945302399e+01 9.807047666897945604e+00
1.007298803481628724e+01 1.080280464733531787e+01
1.004817423017056832e+01 1.179322507769369643e+01
1.004496737302648057e+01 1.279251639880258828e+01
1.004566079501659992e+01 1.379797828747200938e+01
1.004264171381920079e+01 1.480498371442766548e+01
1.003596309641398854e+01 1.581003870299724667e+01
1.002673827584971100e+01 1.681221563645486583e+01
1.001753107019580646e+01 1.781135705824215520e+01
1.000876694275947187e+01 1.880758209206219433e+01
7.944347198600868687e+00 1.062903086586097068e+01
7.843131477200242507e+00 1.052375354591584866e+01
7.888166990915116195e+00 1.031433558010869866e+01
8.069895334114777441e+00 1.015897335736870488e+01
8.301310707430200608e+00 9.948832103519086090e+00
8.595719072878546640e+00 9.677237371849900072e+00
8.971934951836077587e+00 9.333285829655956434e+00
9.448423380535771798e+00 8.900800935349435505e+00
1.009544482334143467e+01 7.538629706358563887e+00
1.013312071486583577e+01 6.716965268145711043e+00
9.532400516932661105e+00 6.501401180096035404e+00
9.002851183402334811e+00 7.001859904289234215e+00
8.557059703622590163e+00 7.417867363044023499e+00
8.182119473890432815e+00 7.764537881326436519e+00
7.866046301502303884e+00 8.054363356116027717e+00
7.598338488986118300e+00 8.296018141822015579e+00
7.369116333797402163e+00 8.498262690740563841e+00
7.170009013329361025e+00 8.669882342830142363e+00
6.867645234765898721e+00 8.687945210684201669e+00
6.750520369610871541e+00 8.568156215136587761e+00
6.781565504274333023e+00 8.348471631506930279e+00
6.951499485503442877e+00 8.211540280360097199e+00
7.151715026631200622e+00 8.034316084261597268e+00
7.388211067431444512e+00 7.822251079398899520e+00
7.666279534104678106e+00 7.567478639588222755e+00
7.993082389971906565e+00 7.264862498168113802e+00
8.376940654660812058e+00 6.906867047353901334e+00
8.826572034165613090e+00 6.483468023791869150e+00
9.352916073244955442e+00 5.982207976108345093e+00
9.984231496748009249e+00 4.480649471103625103e+00
9.993983496442973902e+00 3.578717237570109511e+00
9.999052521910757108e+00 2.680244429492697922e+00
1.000055613707151458e+01 1.784492118803518101e+00
9.999897564800305005e+00 8.912889381039759140e-01
1.000000000000000000e+00 0.000000000000000000e+00
2.000000000000000000e+00 0.000000000000000000e+00
3.000000000000000000e+00 0.000000000000000000e+00
4.000000000000000000e+00 0.000000000000000000e+00
5.000000000000000000e+00 0.000000000000000000e+00
6.000000000000000000e+00 0.000000000000000000e+00
7.000000000000000000e+00 0.000000000000000000e+00
8.000000000000000000e+00 0.000000000000000000e+00
9.000000000000000000e+00 0.000000000000000000e+00
9.000000000000000000e+00 1.980000000000000071e+01
8.000000000000000000e+00 1.980000000000000071e+01
7.000000000000000000e+00 1.980000000000000071e+01
6.000000000000000000e+00 1.980000000000000071e+01
5.000000000000000000e+00 1.980000000000000071e+01
4.000000000000000000e+00 1.980000000000000071e+01
3.000000000000000000e+00 1.980000000000000071e+01
2.000000000000000000e+00 1.980000000000000071e+01
1.000000000000000000e+00 1.980000000000000071e+01
2.981429624650711929e+00 2.250437644622667488e+00
2.834645391009618098e+00 2.330442898186521283e+00
1.899408830935329862e+00 7.297974008903689302e+00
1.558676091205056347e+00 7.555983919736959820e+00
1.282254344773517962e+00 7.838281401958309580e+00
1.940959254540826073e+00 1.118596203589187255e+01
1.783276592861255727e+00 1.127523817352794033e+01
1.551909681382591000e+00 1.149539600667825212e+01
3.924810606852974448e+00 1.225093323961849912e+01
3.769735846394282497e+00 1.240086993795507553e+01
4.123981488540741758e+00 1.224739845007281502e+01
3.611289910211733734e+00 1.257174764210634343e+01
4.030133868563278376e+00 1.215628857601701540e+01
3.391951667543967819e+00 1.278652651134407492e+01
3.207592374572725280e+00 1.298662572561138795e+01
8.187425930413301245e+00 1.040466286496501347e+01
8.026898328218896594e+00 1.052220101925332152e+01
7.951488257219180511e+00 1.042021019663028625e+01
8.389043273329583883e+00 1.018417207869642560e+01
8.694133816705988949e+00 9.896354582024740054e+00
9.060462387890522606e+00 9.539469751764464434e+00
8.085535520737957782e+00 1.028562035706077893e+01
7.090697866454061860e+00 8.494824786417394691e+00
7.232052688354248637e+00 8.341905676884238119e+00
7.389414952285627614e+00 8.158615429189598700e+00
6.856076782027472838e+00 8.471195684255365066e+00
7.791591114518165107e+00 7.798753068521477871e+00
6.990640953987870887e+00 8.374476060241764941e+00
8.110666644433983663e+00 7.504234507963564837e+00
6.945775231862999277e+00 8.582652098822320497e+00
7.516723570881014282e+00 7.976093589364275260e+00
8.443462407366812528e+00 7.166608566926861990e+00
2.242430574078996486e+00 7.117078560060475567e+00
2.213476752349399224e+00 7.432234489163490387e+00
6.591604755346154754e+00 8.288540590763979310e+00
6.575332100594614815e+00 8.579927110784412392e+00
4.148593131408099488e+00 1.192516888105339845e+01
7.794102739654726442e+00 1.065527711971963143e+01
2.089634856883896052e+00 1.094704966636786558e+01
3.065752911309682638e+00 2.607077667048799618e+00
7.294190540442463622e+00 7.466562212631363771e+00
8.280343078203545204e+00 6.326455755981700513e+00
4.326275388074689587e+00 1.244312514275047477e+01
2.425824423495105187e+00 3.365326961962994190e+00
3.838712565285939959e+00 1.301006481189821429e+01
3.074021813038351869e+00 1.389965580897685093e+01
1.684789595421460451e+00 8.108726739371347136e+00
3.816569817410636833e+00 1.191514835041948395e+01
3.930003482772751244e+00 1.179808833481643759e+01
3.772530626766340767e+00 1.175567273871642371e+01
3.884744452948245108e+00 1.164195348569397659e+01
3.730825398532576553e+00 1.160031649148043087e+01
3.841909166087556393e+00 1.148709652322548358e+01
3.689187278868937714e+00 1.144624639380053210e+01
3.799552548612247005e+00 1.133364563015508431e+01
3.951787700811496773e+00 1.137169816768813746e+01
3.915449746370718298e+00 1.122546199861491800e+01
4.062972003497188567e+00 1.125704501854206363e+01
4.026623767268591614e+00 1.111179596321598595e+01
4.174233714636244486e+00 1.114187663249391669e+01
4.129232285960479309e+00 1.099937107896341004e+01
4.284361124014893107e+00 1.102559514737599677e+01
4.223637838513634613e+00 1.086762276090824386e+01
4.396164947738268047e+00 1.090941216424037563e+01
4.352759511889125577e+00 1.076040686482551934e+01
4.509146337799069038e+00 1.079531358764282523e+01
4.465054217637783651e+00 1.064511647734608246e+01
4.308246241603710835e+00 1.060864776911431306e+01
4.422049411733948610e+00 1.049179818448637391e+01
4.621626226582261410e+00 1.068173295479486384e+01
4.665833562192708506e+00 1.083134749824545828e+01
4.778939861868586547e+00 1.071739451803428977e+01
4.477062685675200271e+00 1.227265381145797285e+01
4.525714582905989936e+00 1.250982982764434759e+01
4.266721192433481136e+00 1.045199443694819053e+01
4.379636162068672789e+00 1.033402375104477677e+01
4.825112964370825708e+00 1.086345102723447376e+01
4.938518350274316404e+00 1.075264982614798193e+01
4.985689950788406932e+00 1.090090492293777658e+01
5.101256314771936751e+00 1.078951817629908660e+01
5.148897513952529259e+00 1.095289605892778084e+01
5.265699212246111927e+00 1.082937847559912647e+01
5.308238530283222900e+00 1.098715821859371999e+01
5.218586809239584845e+00 1.067469242845267807e+01
4.204770679429854496e+00 1.029679869347484455e+01
4.325065084672938376e+00 1.017531788582634356e+01
5.381507253714871375e+00 1.071093978674048763e+01
5.335105692025980950e+00 1.055797341415419410e+01
4.150974425613235930e+00 1.013361087565025898e+01
4.302431611202961470e+00 9.995914957724966854e+00
5.496621941793756072e+00 1.059362833111626934e+01
4.108391836665015617e+00 9.959903139654562310e+00
4.240657997351916286e+00 9.831100852483109165e+00
5.449466665309962821e+00 1.044031920711649164e+01
5.611218145955999326e+00 1.047647238153235172e+01
4.053902839176485529e+00 9.784857497506937563e+00
4.192373914565422410e+00 9.649131683458245234e+00
3.771338064799919731e+00 1.116972598137488504e+01
5.564155409733158919e+00 1.032304633877502553e+01
5.725564531922098688e+00 1.035914097130330447e+01
5.772205903935027749e+00 1.051218974557099806e+01
5.885809770327409041e+00 1.039569088284098086e+01
5.932241125766323009e+00 1.054786245258588728e+01
4.003436461314927364e+00 9.602241066611446385e+00
4.142545993360176482e+00 9.463370268319934553e+00
3.952483800666581004e+00 9.415692567664263990e+00
4.091523516052897769e+00 9.275960020648865267e+00
3.814473921578130700e+00 9.555871038236903203e+00
4.281683819380547540e+00 9.324844099766130157e+00
4.230096554908137740e+00 9.137208980877842279e+00
4.041157687774687979e+00 9.087086888064574097e+00
4.179593868993032757e+00 8.949024502452285645e+00
3.991668904002984686e+00 8.898453176930908981e+00
4.129623437476584336e+00 8.760558907357916425e+00
4.318014427273170419e+00 8.811292391229235577e+00
4.268980935075487260e+00 8.621006686847495715e+00
4.079437138893424297e+00 8.569306801741868540e+00
4.222249006757592404e+00 8.426406310433396385e+00
5.679281595220865952e+00 1.020497585485640712e+01
4.457657954492932006e+00 8.672714713811689791e+00
6.044792745408910761e+00 1.043227779032927849e+01
6.090887850239273149e+00 1.058381388671121037e+01
4.028878394888749881e+00 8.371183306548839909e+00
4.178852635728523168e+00 8.224457617546152122e+00
3.577703736393879730e+00 1.155682516821420158e+01
3.975078271810385200e+00 8.167797904119915131e+00
4.131319983673228613e+00 8.017064971074761459e+00
6.202373462711753049e+00 1.046845117282405369e+01
6.248448976447157577e+00 1.061996830815462189e+01
3.835136084244033405e+00 8.315984324279181550e+00
6.156867083667227014e+00 1.031688396413821529e+01
6.313948093595349143e+00 1.035285158602150624e+01
3.965108573030985628e+00 1.009508198599774076e+01
7.719544353600160669e+00 1.026189805888503592e+01
3.921860148463124141e+00 7.959115472403600400e+00
4.077421161823197693e+00 7.804665306469250829e+00
4.290307143592793970e+00 7.866043948948746589e+00
4.236690016012579107e+00 7.648352060325130708e+00
4.452991781917564396e+00 7.711935919762062497e+00
4.397296111801026086e+00 7.492827493311327025e+00
4.615162135264273324e+00 7.556564779183074343e+00
4.562027389949498968e+00 7.336526152940835210e+00
4.344945988791596214e+00 7.273494759097585138e+00
4.511433967868079264e+00 7.116738393397525009e+00
4.290350090632188973e+00 7.053926406854249542e+00
4.459307187173928710e+00 6.895724583791020379e+00
4.236372356542499773e+00 6.831807822982641554e+00
4.406741967606534693e+00 6.672350984185228207e+00
4.186804616178075200e+00 6.606065805969321580e+00
4.357667538235585170e+00 6.445479794801995510e+00
4.132186860959675911e+00 6.378655346924273495e+00
4.307364518875743009e+00 6.215992332154444355e+00
4.540003585865676428e+00 6.294443749120428144e+00
4.478990637314876899e+00 6.047720694752024784e+00
4.733839082665245890e+00 6.132453451720076387e+00
4.667388481984311888e+00 5.865293363754718214e+00
4.776277427522410690e+00 7.399245124931836060e+00
4.074278062483748464e+00 6.152500537480383613e+00
6.269210843504146702e+00 1.020110177279938668e+01
4.935029287280250365e+00 5.947579049628247461e+00
4.879998073915722934e+00 5.673187588828164429e+00
4.596399219737694608e+00 5.591815784649293519e+00
4.818496319062680833e+00 5.386698503680973360e+00
5.106827884080059832e+00 5.467973496598180105e+00
5.047332577234062256e+00 5.173091782774187131e+00
4.527747498898574641e+00 5.307334936988889140e+00
4.831089424177730685e+00 7.619310687397500281e+00
4.991415144103257262e+00 7.462180560110980743e+00
7.604945930906228391e+00 1.036478571512502356e+01
7.568727683944966422e+00 1.021502842142206724e+01
5.044226895703307179e+00 7.680018047505669188e+00
5.205589629422376241e+00 7.523867208205401447e+00
5.516338984086269548e+00 1.016890764590833918e+01
5.632993423372192332e+00 1.004967496541098093e+01
4.011776523450600429e+00 6.775341042168405714e+00
9.239578983558926595e+00 1.543349861726202654e+01
5.004415997602291277e+00 1.104900357238779485e+01
5.368556216784686974e+00 5.259861212702305444e+00
5.282873571027109527e+00 4.912268025754885414e+00
6.137817259709090756e+00 1.073576920519581712e+01
6.298134425718696860e+00 1.077410334778575773e+01
6.183232031278328655e+00 1.089364402462516956e+01
6.351007907071159586e+00 1.093383451953386576e+01
6.231100190588126253e+00 1.105990251507077460e+01
6.411043955106856984e+00 1.109811714929485049e+01
6.278644490473873851e+00 1.124044617542913826e+01
6.494095552102225888e+00 1.127746874246512832e+01
6.336298074869155528e+00 1.144253228319594307e+01
6.568304326375042024e+00 1.150236157277173810e+01
5.467571738603190568e+00 1.001297045259510554e+01
5.586239961157088096e+00 9.892313595045717278e+00
5.652704382813039885e+00 5.034611075562893667e+00
2.166164703159145333e+00 1.134887244294076680e+01
2.286555135243824921e+00 1.124324123549838639e+01
7.462862817669441817e+00 1.032316544655733104e+01
7.421640614946836578e+00 1.017471847159664300e+01
2.321446121416523845e+00 1.140319013371251344e+01
2.440095375271237987e+00 1.129021586107607789e+01
2.477432240760042870e+00 1.145272167799108054e+01
5.588883125226955073e+00 4.621611308088379388e+00
5.175855960008935774e+00 4.525505960477164358e+00
5.476438568137117713e+00 1.894914340199242986e+01
6.015595583693325921e+00 4.692595236542389081e+00
5.254602040205825553e+00 7.734141140599314568e+00
5.423792309492897701e+00 7.584695063732693754e+00
5.418509028021762042e+00 9.855126635457928330e+00
5.538749813577057424e+00 9.732702512822086760e+00
5.739735721031304472e+00 5.366937828481547434e+00
6.464380843206210869e+00 1.080972873148866498e+01
5.368631100804891254e+00 9.694541445789024436e+00
5.490655464698249055e+00 9.571929018736229366e+00
5.658566510792010895e+00 9.607908233976404588e+00
5.612436043219287463e+00 9.448441389862567874e+00
5.781423723757373345e+00 9.484746504039453185e+00
5.734312934957822350e+00 9.324821665031214124e+00
5.563745425493096697e+00 9.284741105511095327e+00
5.686251417588652046e+00 9.160876248140645828e+00
5.371601266580531053e+00 7.360459034201837447e+00
5.491015897547558922e+00 4.184330023727978798e+00
5.063489455958371188e+00 4.110099325831090944e+00
5.906837101945554558e+00 9.363990071649960001e+00
1.932685429274140221e+00 1.527859099215475780e+01
2.593154108140178771e+00 1.133891423633548712e+01
2.635571321597009575e+00 1.150005490743064307e+01
2.507526399151157825e+00 1.162612696196102213e+01
5.511607859371643769e+00 9.118294737387202531e+00
5.636556614858596603e+00 8.992641536642743461e+00
6.425874979193119785e+00 1.023670747476212561e+01
6.381604445603900722e+00 1.008371087243338771e+01
7.198386107576697945e+00 8.855745478092980960e+00
7.052587475123862859e+00 8.995597974027353061e+00
7.245188422565802533e+00 9.050296781503792687e+00
7.530451164380984608e+00 1.006385819969514550e+01
7.378887042968157672e+00 1.002304832048985439e+01
2.551218118501008103e+00 1.118516721695615956e+01
2.699661475023396484e+00 1.122491833478094136e+01
2.657272666595614119e+00 1.107749200314325222e+01
5.602171306586654076e+00 7.428181703266247382e+00
5.546454584428272661e+00 7.187096609454264318e+00
2.806561450645997713e+00 1.111495818949246939e+01
2.761088260980765430e+00 1.096681968834844234e+01
5.462019901908277575e+00 7.787234415477768401e+00
3.235303128608426171e+00 2.111744750089653344e+00
3.867031693052053853e+00 7.747356192073098669e+00
5.465178465973941968e+00 8.955337952145177027e+00
7.316738957576071734e+00 1.028734682169283943e+01
5.379591050947618136e+00 3.782028729286203372e+00
4.856385827656555243e+00 3.689845954097505487e+00
4.610423125398578570e+00 4.078457099514391615e+00
4.338266779380453464e+00 1.118353433003943387e+01
6.740744011231953436e+00 1.131060691476143454e+01
6.846267892260452292e+00 1.156466320490022781e+01
6.658333295108318062e+00 1.176884334432022783e+01
6.979235654529403199e+00 1.185130865926551635e+01
6.683894220413476361e+00 1.211398108310169519e+01
2.916714619176299372e+00 1.100648675752790062e+01
2.865249600589450552e+00 1.085371943646883075e+01
1.668949918566086543e+00 4.319360246992793861e+00
7.493926595629138987e+00 9.908666848329277244e+00
5.352649997452897601e+00 9.090055078500622443e+00
4.473655982358792471e+00 1.021782929024921494e+01
7.368472677426747275e+00 1.043723314683891878e+01
3.026148972045151986e+00 1.090357704709680853e+01
2.979123939132426013e+00 1.073987892140286426e+01
2.812896104550373089e+00 1.069863873986125924e+01
2.930866294571560893e+00 1.058084996949362200e+01
2.765107906691405049e+00 1.054022448436429649e+01
2.881326451512480347e+00 1.041929351616274602e+01
2.710545455346764054e+00 1.037704119632969757e+01
2.833011187796493857e+00 1.025112481558244504e+01
2.655908313206481797e+00 1.020759009582207177e+01
2.786697512168353263e+00 1.007323034150952523e+01
2.599871641283117540e+00 1.002894549462764573e+01
2.736523472438587845e+00 9.889010372143438587e+00
2.542914118426425230e+00 9.843062192423117196e+00
2.682265872149391495e+00 9.700065725158685481e+00
2.407106680059463599e+00 9.986596775722407671e+00
2.343825683271869575e+00 9.794242878540394770e+00
2.200948954862310902e+00 9.943862689473419891e+00
3.112064845968641968e+00 1.062209742220899855e+01
2.967873070021258108e+00 1.013150909194910021e+01
6.865745407952632995e+00 8.970379538645277151e+00
6.922805206992405758e+00 9.143355822077285922e+00
5.783618398026943552e+00 7.251512610749467846e+00
5.585045302620434526e+00 8.821206366721883185e+00
5.372097998344071534e+00 8.792209871005971067e+00
9.298566540882589493e+00 3.103874508434180779e+00
5.735702603604195815e+00 7.000019054627309778e+00
6.538314057480710595e+00 1.011950636499288336e+01
6.495733604066364464e+00 9.964728214465809586e+00
7.214142965341175717e+00 1.040310702788513275e+01
2.128065591554295199e+00 9.726759549609150568e+00
1.961818818714934798e+00 9.901007276970144488e+00
1.712494168402034722e+00 1.091647432210739943e+01
7.107294450340958747e+00 1.220320398926373429e+01
6.826025374415116254e+00 1.251672723139026289e+01
6.412166889260332070e+00 1.243771016487894876e+01
6.515260747730181379e+00 1.284368397501922665e+01
4.697384080084773039e+00 1.234259364710343121e+01
4.755193841285232814e+00 1.259467423117919083e+01
6.899778477134609567e+00 7.967338049925336563e+00
6.961949613208595622e+00 1.295415113491087133e+01
6.606922633623582897e+00 1.330457244420021645e+01
7.271991320192495500e+00 1.055949022447856045e+01
6.118784861709693601e+00 1.138576699615918209e+01
5.091594284756980393e+00 7.901452235397673718e+00
5.263693265371381713e+00 3.349480010011858688e+00
5.762656998868591174e+00 3.485348171418635843e+00
4.786587358828501948e+00 3.214200767973902639e+00
7.335022769183790814e+00 9.865966520544059648e+00
2.687194551781149077e+00 1.168145875062633365e+01
2.540034964135542417e+00 1.181595409465026059e+01
2.012882551810008191e+00 1.083169742436414751e+01
5.247611930239840738e+00 9.817846581433393283e+00
5.197129145261405903e+00 9.654729847947594479e+00
5.763724404695163450e+00 8.866606963538735897e+00
5.710783865736972942e+00 8.691954004087323327e+00
5.992192675935077872e+00 7.073214981525382861e+00
2.350302587707742141e+00 2.293232324509510089e+00
1.783684263081011689e+00 2.695363231726030762e+00
3.603042786841342604e+00 1.888960922627558148e+01
5.941058156681189750e+00 6.801515432974514219e+00
4.936306474855511439e+00 1.241202373955739802e+01
4.856715762688994964e+00 1.216540911878292874e+01
5.105454326239517115e+00 1.222122589377548074e+01
5.019038938296579211e+00 1.268331936332513088e+01
6.741154058247779801e+00 9.118210545318762072e+00
2.948576650037817437e+00 1.117073490692953541e+01
3.763262499898004876e+00 9.367436767407344433e+00
3.626690195394120853e+00 9.508614799937042505e+00
3.566808274722540695e+00 9.324934624855442777e+00
4.891119511392190589e+00 1.060415314648218299e+01
7.455928308675907168e+00 9.747203541054689779e+00
7.017565214159031228e+00 1.132600893416443100e+01
6.582104679942609948e+00 1.027347830772585802e+01
7.580627001086162053e+00 8.577417457019727465e+00
4.373215910761038216e+00 9.683059085679298406e+00
3.715196057983147782e+00 7.900740882358284978e+00
3.661166569615280864e+00 7.692403785146417761e+00
3.512202451440369355e+00 7.843653455209350867e+00
3.458892787284126857e+00 7.639376340755182682e+00
3.312943511612186587e+00 7.787558153778630476e+00
3.260557157269296180e+00 7.586797447678276463e+00
3.116431061786183676e+00 7.733157398464016730e+00
3.167432917534086734e+00 7.932178982616752805e+00
2.973586621707094757e+00 7.872630515122455819e+00
3.022576824498732773e+00 8.074843145712650383e+00
2.825655805954208510e+00 8.014305630077025455e+00
2.875268293903301409e+00 8.219589262801582308e+00
3.065890969727699478e+00 7.532880834548980609e+00
3.206576262362602847e+00 7.387139652743202944e+00
6.227126465817518941e+00 6.898161738607097249e+00
4.794771698388952785e+00 1.288849839506951866e+01
5.098251816566286010e+00 1.299472664498678398e+01
4.824195363232440137e+00 1.324250067898602268e+01
3.010795973312544227e+00 7.334538703836561702e+00
3.150256435284297218e+00 7.188503888457713487e+00
3.073112362912310047e+00 8.274768560776731618e+00
2.927054101824649646e+00 8.422631038856513541e+00
3.126923409327113212e+00 8.475272429290980014e+00
2.980429595069526094e+00 8.625738750203069571e+00
2.776941709810158532e+00 8.570450464018154690e+00
2.676433350567022806e+00 8.162269076147104840e+00
2.831155508007320076e+00 8.776264804492024396e+00
2.651679880561927050e+00 8.714164840777131715e+00
6.167650162955447435e+00 6.594167921200464910e+00
6.483552058679764585e+00 6.695341000675270493e+00
6.409483853959976329e+00 6.368733931261912673e+00
5.167226577796938614e+00 2.871504334958983939e+00
5.012467340022220164e+00 1.198786086084186309e+01
5.267014747361505655e+00 1.203257866786650432e+01
2.952229071862051857e+00 7.135726273222701366e+00
3.094011666481396361e+00 6.988351214446320903e+00
2.893708195341916145e+00 6.938430662752261391e+00
3.049512443490590474e+00 6.780850794178385321e+00
2.823808104563918953e+00 6.733867177596765785e+00
2.994316890382956231e+00 6.566133218829618201e+00
2.751827855686468371e+00 6.514321086052481391e+00
2.931889249662400942e+00 6.329744937009659012e+00
2.657425963853762507e+00 6.281502160277302238e+00
2.869556484481170511e+00 6.068215641479079991e+00
2.570383106572400322e+00 6.020447259474776658e+00
2.794809495583177927e+00 5.796812514773967528e+00
4.415153064894282053e+00 9.181250612328295091e+00
1.655020580945686826e+00 1.202645812551991256e+01
3.960124342604773862e+00 1.095865034672408456e+01
5.284535050426036662e+00 1.040599126214337566e+01
6.694345923243408158e+00 1.015594784261526407e+01
3.669427768820311631e+00 1.187927700073643500e+01
1.694889734297718942e+00 6.956623147844936739e+00
1.882834303111703189e+00 9.646480024835581091e+00
5.748975759835451171e+00 9.932516809663891166e+00
4.696684891960177133e+00 2.749156592414855993e+00
3.342369713260626263e+00 2.265839976078265483e+00
3.426919169281978927e+00 2.094545261269072256e+00
2.544569201616178944e+00 1.033521897875486850e+01
7.097627617597937366e+00 1.343439929434781632e+01
6.704519560393896072e+00 1.381271740161356654e+01
7.463246757859272051e+00 1.304744314861262389e+01
5.543245954507558082e+00 1.074603542637371412e+01
2.497366289036295761e+00 5.731932384860020768e+00
2.721460334605930953e+00 5.509902426016331844e+00
3.016403320698410884e+00 5.583219807712148430e+00
2.947938931467593004e+00 5.298488809553074219e+00
2.258528986479055423e+00 5.967222888652377044e+00
3.239496102517106291e+00 5.381791035071007201e+00
3.172353968101064847e+00 5.086867551073311233e+00
7.105005555535941042e+00 1.051988878354026724e+01
6.787307816943307870e+00 9.279420055533924128e+00
9.089670355502363464e+00 1.713654214411001320e+01
4.095496370238540074e+00 1.041761860863720379e+01
4.325577058231598215e+00 3.080177099600552637e+00
6.336049288719004302e+00 9.929403673318700996e+00
3.536924818193109665e+00 1.140311451615892402e+01
3.425498507814763283e+00 1.151298048224950676e+01
8.239489322209893274e+00 1.077426257575742241e+01
4.686574648702873880e+00 6.968926155822352086e+00
5.075019655786054962e+00 9.780003836665546402e+00
4.102547439848356348e+00 1.141766983799368340e+01
5.840262371807357411e+00 7.512442938643143719e+00
5.023484176514879884e+00 9.613951144953336581e+00
3.556196010212600012e+00 2.290949495108963951e+00
3.673238117004984371e+00 2.065252644808291294e+00
5.889763496641968743e+00 8.739686477385413710e+00
5.837566521030053579e+00 8.562721510184765350e+00
5.656378229845198113e+00 8.511847499664975558e+00
5.788325389669317644e+00 8.378022110983211590e+00
3.349445746859414985e+00 7.229797380669690021e+00
2.876852453902898343e+00 9.747956425410492898e+00
6.063422056995917409e+00 1.101303548542175470e+01
3.898849804548499609e+00 6.314221688227837248e+00
4.374986238362925661e+00 8.284597590266114864e+00
6.613633670792488317e+00 9.257957104547047678e+00
6.556129348383579192e+00 9.098697243741538543e+00
2.740706166804658839e+00 1.187800882997756347e+01
2.578037823428647624e+00 1.203905797303613312e+01
4.994522315026686421e+00 6.223967977828947618e+00
2.623066474336432918e+00 1.066742941471004613e+01
8.239480662096198671e+00 9.606283357016204505e+00
2.825086955131596245e+00 9.555031795994176846e+00
2.623994458813019737e+00 9.503806195574950877e+00
3.178573179659359482e+00 8.685456860011221636e+00
5.358340686597336422e+00 1.227481131262706526e+01
5.531772897164590752e+00 1.207654061214963548e+01
5.423277153209329349e+00 1.183345895551552651e+01
7.292511358543232625e+00 9.702646934466901740e+00
5.195947837231571498e+00 1.336955741570760914e+01
4.879431925037323481e+00 1.364441751084341803e+01
7.571115350745472039e-01 1.756886484605378840e+01
2.876390853654328339e+00 7.468769430779359730e+00
2.177843225356770329e+00 5.636813959831698639e+00
1.919656480991053016e+00 5.911989802797494420e+00
2.196222146570728118e+00 1.151781045350328903e+01
3.468568817107213320e+00 5.189835143313453081e+00
3.407021200810159023e+00 4.867564562956416374e+00
3.088591773045423317e+00 4.772146565747816815e+00
3.338136976873739226e+00 4.533227102829632038e+00
2.696618138872352244e+00 5.234535528652221714e+00
7.172541294785934163e+00 9.826838458619262084e+00
3.240340442927608589e+00 6.843751099874309851e+00
6.170749365117210061e+00 1.160770438097308777e+01
7.377442769457611682e+00 1.183599460692845895e+01
7.473033680066293094e+00 8.940510279242224190e-01
5.306934450745512066e+00 1.379185546449931188e+01
4.942408617838179197e+00 1.411310317485079580e+01
5.410241255036289054e+00 1.428589370225057564e+01
4.990633051926108621e+00 1.464361643155545423e+01
5.503298021817061958e+00 1.483419149657435199e+01
5.066328250387996945e+00 1.522784245858063201e+01
5.657393699131595177e+00 1.543049864083421774e+01
5.188877697802999123e+00 1.585534663440937031e+01
5.840645349741842018e+00 1.606863981987682521e+01
6.344656152835664642e+00 1.547569842408136509e+01
4.549412282165850030e+00 1.562525126561907562e+01
4.668339917137252826e+00 1.629743186231223362e+01
6.530622787381084926e+00 1.628278718248015977e+01
3.839248804300538609e+00 6.080932759760433015e+00
5.968201986898213462e+00 8.431670527531469617e+00
5.923767892275082936e+00 8.242726433338575021e+00
2.127089179074913794e+00 9.457400686511169496e+00
6.282682846878874905e+00 7.193943038838296999e+00
7.249245969454866767e+00 1.396378077604511958e+01
6.764140976702141650e+00 6.478107130242788614e+00
6.670017697078510110e+00 6.087156740395077925e+00
3.810377554287061930e+00 7.536742615886515395e+00
2.495383922860218373e+00 6.485698846436285692e+00
5.034204042752508990e+00 2.331705307362601509e+00
4.000978134008731146e+00 1.603752215052852037e+01
7.413770101165606974e+00 9.586560446979753181e+00
1.816101693767807168e+00 9.363927670620928012e+00
1.533145709010137248e+00 9.626885672427567542e+00
3.677534439232371000e+00 9.693704403570647443e+00
6.452731723751478299e+00 9.808365891610668186e+00
6.608168389548894517e+00 9.846234000867831071e+00
6.289373732283170426e+00 9.773712925491855330e+00
2.996487589141728414e+00 4.432178506845176891e+00
3.258973873505602192e+00 4.183747427498260230e+00
5.943883174946842374e+00 8.910268904800906498e+00
2.627471056036775110e+00 7.951005321034712914e+00
4.776492489934782704e+00 1.193588589351310603e+01
4.918781097302710847e+00 1.177441926354706858e+01
4.703926524994776592e+00 1.173260614512495614e+01
5.492449949868857928e+00 6.948657941243461700e+00
6.068172879172112566e+00 8.786677561182269613e+00
2.467752590917015709e+00 8.100781662520772031e+00
4.723178038677414037e+00 1.097114744766311745e+01
3.669114022193820102e+00 4.640204895512785477e+00
5.867989233330130894e+00 6.506426346871187150e+00
5.610272567748543437e+00 2.494921846821713807e+00
3.490757186258478306e+00 9.646469924803774632e+00
3.541079754176360339e+00 9.830014301080758798e+00
7.161953048916015696e+00 1.068073305326897149e+01
7.340382432815871105e+00 1.072080205404929565e+01
8.235263318975727387e+00 8.219221175271758995e+00
5.125827154120385920e+00 9.943101616910622553e+00
4.953423036122416967e+00 9.906007768476394304e+00
5.003838130736671275e+00 1.006947963729289874e+01
1.834980896244966520e+00 5.537779077490395885e+00
2.051068045749921076e+00 1.015273004821083980e+01
1.792028533377756583e+00 1.009390129665180957e+01
4.490812225408103764e+00 1.441244221502354073e+01
2.171396046818633518e+00 1.081585755288580408e+01
7.163965775329536712e+00 1.025596693404494530e+01
6.989566130962999502e+00 1.064479387563026336e+01
2.270281173635930294e+00 1.306573312647985041e+01
3.187014032188146384e+00 6.384965204537669692e+00
2.037546971092870418e+00 9.155550076307273244e+00
2.866098196165793865e+00 1.171127067294356650e+01
2.924607222718680344e+00 1.190254850072511417e+01
3.384099349550939273e+00 1.135877419178768477e+01
4.834995159401376696e+00 1.158365309547998301e+01
6.433163532635270521e+00 9.234343456316029375e+00
7.127268321731357936e+00 9.662645588964712928e+00
1.863236465789787077e+00 6.786587101204852424e+00
1.634610706355515308e+00 6.683002560362108824e+00
1.518706102859959994e+00 5.851573623260144075e+00
1.206755862223882980e+00 7.260727001149280824e+00
4.307964475950618599e+00 5.516268830242347931e+00
5.603254842982175354e+00 8.325936097424287752e+00
1.209070384413428512e+00 1.122140806237226762e+01
5.211568466370557928e+00 6.031755416540914183e+00
2.093959908200223374e+00 1.068578467697468248e+01
4.631567935978837092e+00 1.155024124244185657e+01
4.121019825560693128e+00 1.675074126023235976e+01
3.412115527196774245e+00 1.648578595323601803e+01
2.771316141745209460e+00 9.355301961884659789e+00
2.970350077720820714e+00 9.410084281023319619e+00
7.626812666621466619e+00 9.785754200872956332e+00
3.271627154563443440e+00 8.327789594326137745e+00
7.380563747586212031e+00 1.894600479804437398e+01
6.084951346472974976e+00 1.274225664423391002e+01
6.110157971296460211e+00 1.016635479664243569e+01
2.072347183493593370e+00 6.801596011647220053e+00
3.266290984115026941e+00 1.146909520396078541e+01
3.308502655349951915e+00 1.163333018730971880e+01
2.749991142179129877e+00 7.072569724574440109e+00
5.996125569302472869e+00 1.679982972998880442e+01
7.085043973277756812e+00 1.576763224880528824e+01
9.210346226307045470e+00 1.232688441486069308e+01
6.106472670488066079e+00 8.308036400433838509e+00
6.065241066052480257e+00 8.101507769771892242e+00
1.038125270846847581e+00 1.280869894877579362e+01
3.824182794007848774e+00 2.307821340164200485e+00
3.665419909048309055e+00 2.548880829163219897e+00
3.969949884596379430e+00 2.041383520848595090e+00
3.772872454799271580e+00 1.745328136541335562e+00
4.236001967682705427e+00 1.707528690493507195e+00
1.738615938831685526e+00 9.058278980333998476e+00
1.964016582782853737e+00 8.852903034728278442e+00
7.072603290407302623e+00 6.222634967831098152e+00
6.987875122553644403e+00 5.798578693274815343e+00
3.317663113212644621e+00 1.915643215287034851e+00
5.148759502947948263e+00 9.486972203551360394e+00
4.972565396513892289e+00 9.443406030562703890e+00
4.848034963371178563e+00 9.572995733864447132e+00
4.238952412548710136e+00 5.234594860117274706e+00
4.469311708968591645e+00 5.014871378436939864e+00
2.028251690079341696e+00 6.605239104892503654e+00
3.361238394092287862e+00 9.780148893985588288e+00
3.407413026456569405e+00 9.963577239746449266e+00
6.565644519629444176e+00 9.688773737717257362e+00
4.765705644740115154e+00 1.140720611212646141e+01
4.960242208978006495e+00 1.143525288697029474e+01
1.602030161011715137e+00 7.741506448736181767e-01
6.737973207045580004e+00 1.031075259351379536e+01
6.626685720308890026e+00 1.042876526036630658e+01
5.443937348868423065e+00 1.873432762736479074e+00
5.939097054844285850e+00 9.531537060889963442e+00
3.511720388810315896e+00 5.489532229953495879e+00
7.269480589083866739e+00 1.654373221903075830e+01
6.129037161252477439e+00 2.069324702853122311e+00
2.419027977381617678e+00 7.887603367244772734e+00
2.502292969843251225e+00 1.104095018530566286e+01
2.360968137956547253e+00 1.195725767345513724e+01
2.394986971122204711e+00 1.221128274552910398e+01
2.621222007830103173e+00 1.227279604092647780e+01
5.939418485643562562e+00 1.153330434698044016e+01
4.368166384841723371e+00 1.262815645552956134e+01
6.121617559894798610e+00 8.951269653353174149e+00
6.247504652835898398e+00 8.830333428634741466e+00
7.010824596740683923e+00 9.789337138399400118e+00
2.264166726288373344e+00 1.068191721993934173e+01
7.202045404067596301e+00 1.087147357180332996e+01
7.407472088667964805e+00 1.089430515664932742e+01
2.562138782377342494e+00 9.295166712987807500e+00
3.590633554073473288e+00 1.001042193997829877e+01
3.459146264984079178e+00 1.014180590035695140e+01
3.637902928971516126e+00 1.018733932287517518e+01
3.511961702976468924e+00 1.031622116713575821e+01
3.687515787822913893e+00 1.035907164080367338e+01
3.563710738527877009e+00 1.048478903889374614e+01
3.731820393055809593e+00 1.052863979721503007e+01
3.614416231278534397e+00 1.063971908275939349e+01
3.334339293299616536e+00 1.027349999288309235e+01
4.502367315690764649e+00 1.169047914512277586e+01
8.770725915282843843e+00 1.053045835638752870e+01
5.975842305097681439e+00 1.176255715466179552e+01
4.797371861605945753e+00 9.399457069745132287e+00
4.922871563044865617e+00 9.268558899125764583e+00
2.911944852432755138e+00 4.076948202846059743e+00
3.181544666338771421e+00 3.834797348500242897e+00
3.523234033492835593e+00 3.941235482658453027e+00
3.443489840432622184e+00 3.597770668934934690e+00
3.784836519509942043e+00 3.693654181548223558e+00
3.117732685312675223e+00 3.493374774529576232e+00
3.366598456692263319e+00 3.279920557410977544e+00
3.402593326918095240e+00 1.220669541609300168e+01
1.896142151990862112e+00 1.070302282125057403e+01
2.256797852689556017e+00 8.036720973245840227e+00
2.304194237600712736e+00 8.263498330503663780e+00
6.961280688306373143e+00 9.627804388595190943e+00
7.059610693734628128e+00 9.492566799799899258e+00
5.870952972291746619e+00 8.043397047307728087e+00
7.151042134708962550e+00 6.629439391220204314e+00
1.676444816838848828e+00 8.746251818702800662e+00
5.690236969997940264e+00 1.342656933036835731e+01
2.923657351917878344e+00 9.204438498675150626e+00
3.119242046845389194e+00 9.265762933029671800e+00
4.521674549565780410e+00 1.349895166994987328e+01
4.832841479125531414e+00 1.003194603176618749e+01
4.884182913131920323e+00 1.019383023248184195e+01
4.123355002690348492e+00 7.215105659340237843e+00
3.299879533508369267e+00 1.578486868079817818e+01
6.062053183581824101e+00 9.422601309551673410e+00
3.863093432906030245e+00 4.038275990956338823e+00
4.444461068461170505e+00 1.152306556590479936e+01
6.556221246843043637e+00 5.668949187459999983e+00
6.874594934943316638e+00 5.327581408820569742e+00
7.355439286434288348e+00 5.485109448485514072e+00
7.229345077640227935e+00 4.962127619207523210e+00
7.763965281889072756e+00 5.143198000019672200e+00
7.629098861773049300e+00 4.590493049934542213e+00
7.069853742670089147e+00 4.428885218207768482e+00
7.476411260116611501e+00 4.023971250927463217e+00
8.212314468547981861e+00 4.747886453193266298e+00
3.852153852980334747e+00 9.036784410328106532e+00
3.803179179458861636e+00 8.845840782176342287e+00
3.654156298337841502e+00 8.987355700228590649e+00
3.612842759837893603e+00 8.791882453629636274e+00
3.435542906410698372e+00 8.950000031890057883e+00
5.266358763802933218e+00 6.313287958561721425e+00
5.047015420578692790e+00 6.499670560998727531e+00
4.486242039931272352e+00 7.936163985616168759e+00
6.898145546336636791e+00 3.868366089355351978e+00
7.316917308876857540e+00 3.429719152969902929e+00
5.818889159214027273e+00 1.066312688302910061e+01
4.027856896671190512e+00 1.167191274519044519e+01
6.022509221879212227e+00 7.895927405454262527e+00
6.221868585960677045e+00 7.947576928869231949e+00
6.183944797523099446e+00 7.724052287069449463e+00
6.401335123087205758e+00 7.802328145860175646e+00
5.499505121421498721e+00 6.118290916398942514e+00
6.849113717036537707e+00 1.019380841369911472e+01
3.650439263699279291e+00 6.253439210224663647e+00
3.596997080616398001e+00 6.005979744506777962e+00
3.715433908836119681e+00 6.491632374537921635e+00
4.506674371563513581e+00 8.861956287879454663e+00
4.646049965412995419e+00 8.725203427030223224e+00
4.691414246478389671e+00 8.902586429881099050e+00
4.835148088606699091e+00 8.770334820612639248e+00
4.786128598106681231e+00 8.587435943211168876e+00
4.974472278424890703e+00 8.640525100414814474e+00
4.926082382419513905e+00 8.450491871697881407e+00
5.115656392410703468e+00 8.505578897716720377e+00
5.022721770059910718e+00 8.827439884610102538e+00
3.496135820797809934e+00 1.124935603243574178e+01
3.343525009861622710e+00 1.120366575317666502e+01
3.456481697634455674e+00 1.109423450165488312e+01
3.435552268702510403e+00 1.061382282018421108e+01
4.781574381774091442e+00 9.868196887818768914e+00
6.202455711416297035e+00 8.666636061385897705e+00
2.637923178001716273e+00 4.341757270470459673e+00
3.109028305346274390e+00 3.172614360123947375e+00
2.591718192573878365e+00 7.741288279157028995e+00
2.179994630241017362e+00 1.053383606909139658e+01
6.171989592065001418e+00 9.895859780429384855e+00
5.345973959965201416e+00 1.013580494435385226e+01
5.067359697335815483e+00 8.312321218960036617e+00
4.875063254073964458e+00 8.255931047554090796e+00
5.903091613167029905e+00 1.129181761527400241e+01
5.713982140361989259e+00 1.145828214611367990e+01
5.668987850619005009e+00 1.124643214687751858e+01
5.505761245271149740e+00 1.138502253456833557e+01
3.533941211625690304e+00 1.724704355518126420e+01
2.795467539608022634e+00 1.696187249628313864e+01
4.244792447934019997e+00 1.755894775485040782e+01
3.568428859174998191e+00 8.049104772984973621e+00
9.147158649746280901e+00 1.359658556261649220e+00
3.777916566148197042e+00 1.069008036588670585e+01
3.649555857970794737e+00 1.080894062907255027e+01
4.937485495569744032e+00 7.244698189986051418e+00
6.826639263549364678e+00 1.437117528512398579e+01
7.416670925107402113e+00 1.455722025027449185e+01
7.873792164736631349e+00 1.408838777334471892e+01
3.072134276560968047e+00 9.068722464580648790e+00
7.059787385988422592e+00 9.950501636567802066e+00
2.233362613751294301e+00 7.819186531690871078e+00
3.308537819193115403e+00 1.104628037016992970e+01
3.316453293388823109e+00 9.581632987623727615e+00
1.413559779776154324e+00 8.980811907479649747e+00
6.803553038683083365e+00 1.003819022626540658e+01
6.884129981503335216e+00 1.110715392790365463e+01
3.414718384192630296e+00 1.093759974319430128e+01
7.931649104993847565e+00 3.545103999941268125e+00
7.829014994838410679e+00 2.882185709230613124e+00
6.956445734141506465e-01 9.373850881833497795e+00
6.485753947800596997e+00 9.389086985074849068e+00
3.956131889235397381e+00 2.585396468516918400e+00
3.774939047070546838e+00 2.826431566509645332e+00
8.336204217561938856e-01 1.041770014118527676e+01
6.697707825328734543e+00 3.287875967827234014e+00
3.805334267893300648e+00 5.850632820930894873e+00
5.468544837611857723e+00 8.461818038940181808e+00
5.416509271654971869e+00 8.272808911649606856e+00
9.341315459114314379e+00 8.156848988850919469e+00
7.388182109668944619e+00 8.909508136999052752e+00
7.449106679274745346e+00 9.112099631482481144e+00
7.618911057266471332e+00 8.962370441407530919e+00
7.674406397953697834e+00 9.182490646111009625e+00
7.878754742192175087e+00 9.063336891693785091e+00
4.471714244921402681e+00 9.373602861293283794e+00
8.033286569883578920e+00 9.852889195634618957e+00
3.237833213000087973e+00 9.900847872723891996e+00
4.350948616308913053e+00 1.213436173163664655e+01
6.060165417897763085e+00 9.241962446003357812e+00
5.324421030268922550e+00 1.274329000902602260e+01
4.744404927076026013e+00 9.226629479601095696e+00
2.243660442437513058e+00 8.960498188721903290e+00
7.535885420803174917e+00 1.226271915192245920e+01
7.803120399716730660e+00 1.191053977657948337e+01
7.990528833337664949e+00 1.235329586929441525e+01
7.673121582816553321e+00 1.157032262472091411e+01
8.038558428299102943e+00 1.158696450307117409e+01
8.107308764568255555e+00 1.089789778549996058e+01
8.331563846749039826e+00 1.098564297884438901e+01
7.929744985228511567e+00 1.090330581739383220e+01
5.051743291471016306e+00 1.022936489238321300e+01
7.856761684491403663e+00 1.600375592314615858e+01
8.336387005263174999e+00 5.367426150126451745e+00
9.300206775172648932e+00 1.141502390613153750e+01
1.513747142908888899e+00 1.375602726057667802e+01
7.311151903176035027e+00 1.104357523578679867e+01
1.401540559423036347e+00 5.370405783735870742e+00
3.945492657287353655e+00 1.269807622233293909e+00
4.535366093883909322e+00 1.211048474500413086e+00
5.554137905983316692e+00 8.132780811462019699e+00
5.630105921813575165e+00 1.233125241597206312e+01
4.018019514755641453e+00 5.444697128715688450e+00
1.037271711614374370e+00 5.741323304023577379e+00
2.672829730013844607e+00 8.922917320249066364e+00
2.345597779511706449e+00 1.083051503791274328e+01
3.396827805729377037e+00 1.414252728138020831e+00
4.661775006742977290e+00 9.987763491139592276e+00
6.479353673378062339e+00 8.443619063440948480e+00
6.412656688153366424e+00 8.271678138039286310e+00
3.964701141008484697e+00 5.137907894283478605e+00
4.317102483254863010e+00 1.166060779830796612e+01
2.122214900461478315e+00 5.253920732879040045e+00
2.336950858269462028e+00 7.285504401212674175e+00
2.381859440159222352e+00 7.472842614638935288e+00
2.515998284066524704e+00 7.318643645252211449e+00
7.293582285655799247e+00 9.249665256435726235e+00
2.163682166720894529e+00 8.674477789549575490e+00
1.501356000008710945e+00 1.892334780629143509e+01
6.126405149642544679e+00 9.741766324022597345e+00
6.247088709259923434e+00 9.622840931026269473e+00
7.502538663423340637e+00 1.108431091089417286e+01
3.754124902338137115e+00 8.654197384554322525e+00
3.542460066640000793e+00 8.590756600120192488e+00
8.762167044570881913e+00 4.945127169362951491e+00
8.726835733948348661e+00 4.308914036320683927e+00
2.439308496772738089e+00 1.248636376662921776e+01
2.131966509169661350e+00 1.236470161568786175e+01
2.908921343144605487e+00 1.773843114370952279e+01
2.155420885922334495e+00 1.746443185718582214e+01
2.009963170943229738e+00 1.659442237207661819e+01
6.899439467001044157e+00 1.034471374738171967e+01
3.459437994056721255e+00 2.770266581856429600e+00
7.515340618737123002e+00 1.074533650656431227e+01
5.942744567352664653e+00 1.386294943477431874e+00
7.938352233972723049e+00 9.557633185873033455e+00
7.489679689379447503e+00 6.398750631323771643e+00
8.075771803464235177e+00 1.474219953655364712e+01
8.573073215044523465e+00 1.426273914627001638e+01
8.473257094382615762e+00 1.355064865962095411e+01
4.940704768006906278e+00 1.034973756432612468e+01
4.773027931686973702e+00 1.031570389667330545e+01
5.363222313427985277e+00 8.096299896014489406e+00
6.005955233747683586e+00 9.862115708208579079e+00
3.279532995104609050e+00 1.087353887400110430e+01
7.636556077346773108e+00 1.049009625178308802e+01
6.360787440776705992e+00 9.092612692050565215e+00
6.479128466228009309e+00 8.963316254248940851e+00
2.552044117065758844e+00 3.959376856204821937e+00
3.146781307743885314e+00 1.158499127771463755e+01
3.106655008726180167e+00 1.142084858340776954e+01
4.383960100835699869e+00 1.181431768527028936e+01
2.569970437782183481e+00 8.514416525665643221e+00
3.893118111347917853e+00 1.057322662837474603e+01
3.188831461445682525e+00 1.175859052375052727e+01
3.351917897387857170e+00 1.180071569396790920e+01
3.225605010614841728e+00 1.194563341900984987e+01
6.361697086445535554e+00 7.577285224015902543e+00
6.601254023752292532e+00 7.653602090917754452e+00
6.502175963676157799e+00 8.124185353693290423e+00
2.256741399269135862e+00 1.108451674552274824e+01
2.090220864231522313e+00 8.178627759737597813e+00
1.196491603403349036e+00 6.192386296880640018e+00
6.290996441704034048e+00 1.416260584673714362e+01
5.810861541502938543e+00 7.799682156320922211e+00
2.427850991186947471e+00 7.114805248017106898e+00
3.227186954673886721e+00 2.421662767224172175e+00
4.131807393600069211e+00 3.782458151522104295e+00
7.297181578940081792e+00 1.128014200369351627e+01
4.624176304034904206e+00 1.210383038491402097e+01
4.655969172112814469e+00 9.526242327982664904e+00
2.170194345990145379e+00 3.733609630257407552e+00
6.240431967922524414e+00 1.185177610437134277e+01
6.017129904765321946e+00 1.202102935388988314e+01
6.368346631465379382e+00 8.707873374896697882e+00
4.605699386614491964e+00 9.841489806050550015e+00
4.892743282322658871e+00 9.099432317167119422e+00
5.069268907862109153e+00 9.156443176620843616e+00
8.906295183370779966e+00 8.732868228504139907e+00
3.204488365110993442e+00 1.114482824994773047e+01
5.475755011650910831e+00 5.838296197158521217e+00
5.721501564058170786e+00 5.973761625631662575e+00
8.126942036036062245e-01 2.497786871734063663e+00
6.855821047757692632e+00 9.757142376449467136e+00
6.804831547431238192e+00 9.594598275536236898e+00
1.872031351574091618e+00 1.035188386441403630e+01
1.603875332294917744e+00 1.029521288455975281e+01
5.275109439798271183e+00 6.608450130424988522e+00
5.091163957695290954e+00 6.770539626998559157e+00
3.955911556388866046e+00 1.076437679604270059e+01
2.360366076989944162e+00 1.055600597764957094e+01
2.275741793194526519e+00 1.041168500505347261e+01
7.551618832689372063e+00 6.812007435210332140e+00
8.626138602545818657e-01 1.652496101301525755e+01
4.887331146808048921e+00 1.127896309322822788e+01
5.079640058701496486e+00 1.130539740666224269e+01
5.170162177144601579e+00 1.146029677616621534e+01
4.701286413049857948e+00 1.123748321573418174e+01
2.326861383165311103e+00 6.958199714664269564e+00
2.522341071437986137e+00 6.949337423103956191e+00
3.272395906634175677e+00 9.116479099440574885e+00
3.399912800076999808e+00 6.187354232747407146e+00
3.350327048272337738e+00 5.931328207113538475e+00
5.479069014466882770e+00 1.118818036791284598e+01
5.629436306288517322e+00 1.106202433781996142e+01
4.838870227855315953e+00 6.645318063855234492e+00
6.523986070762450851e+00 7.356794654881681161e+00
6.821352577912514370e+00 7.489433218035101980e+00
6.826619315934820520e+00 7.173474877982390474e+00
2.410028315689539014e+00 6.746764780528743621e+00
6.474982455213239341e+00 4.366258192991710807e+00
6.436072155258348637e+00 5.228164525698976384e+00
8.514024423878728598e+00 9.048436087738336298e+00
8.003356909317677292e+00 1.110280790386752514e+01
7.847925946701759692e+00 1.001155689141347338e+01
8.102078750053825829e+00 1.683644637731270066e+01
7.462917195590888397e+00 1.739186335133138428e+01
3.331229748786105116e+00 9.332908518720257618e+00
1.862686274675573461e+00 7.861150917824823559e+00
1.499853709452927619e+00 9.997923313980106030e+00
1.891649670072682143e+00 1.173345611328999460e+01
1.432809619416849367e+00 8.340397966617242531e+00
6.323040591515759701e+00 9.356799665414964551e+00
3.820280326598299858e+00 1.022828724688267776e+01
2.916029023785376317e+00 1.258226703299361482e+01
8.346943190862937678e-01 3.271200434035417270e+00
7.517179087753945721e-01 1.615265446377392777e+00
4.061978715328124601e+00 1.061131138650695327e+01
6.703146065808232024e+00 1.557942587979556315e+00
6.858679791579011642e+00 2.239244191982018073e+00
5.414971507082615432e-01 1.372879308537004661e+01
3.226698656777098773e+00 8.905138532828443587e+00
2.409170572882885164e+00 9.457388648318906021e+00
1.917198330200036605e+00 8.571355914715825364e+00
2.615354875574763760e+00 3.103419623923391324e+00
4.444998538423607926e+00 2.226494242956685188e+00
6.295258023424803007e+00 8.396645921008996538e+00
1.404251973904444339e+00 2.013671467735755449e+00
1.634508108954275896e+00 6.295929284584197205e+00
3.575003465732269348e+00 1.098064312986397972e+01
8.728293523159099010e+00 1.173626448164228009e+01
2.552320963244424590e+00 7.534034963905329008e+00
6.376066102277057723e+00 1.477256654376363265e+01
1.439261784046680370e+00 1.243993777890926644e+01
1.534901454005996424e+00 1.295498951935567433e+01
8.692861982096582452e+00 1.622395503310388420e+01
1.339622906690380644e+00 4.813684405055028925e+00
4.767823115284427260e+00 4.426575583986457119e+00
4.371465628471093545e+00 4.330917543302706285e+00
9.273472884866672317e+00 1.321392010559417685e+01
8.097580926225536047e+00 9.288583782635422281e+00
7.473588491648768262e+00 1.770329338603797931e+00
2.610474154268483726e+00 1.277560490866854259e+01
3.139771220873619484e+00 1.235432293545084548e+01
2.461639603223714889e+00 7.694283657268794485e-01
1.961722439813994523e+00 1.520945376115160341e+00
2.796563241771906405e+00 1.997829488557156807e+00
6.636544848145719655e+00 1.107500488015562468e+01
6.792656370130295329e+00 1.091133442155952515e+01
4.090448780355938396e+00 5.728476040528458491e+00
5.303848300592600928e+00 1.129624819910345401e+01
4.060106506807732885e+00 3.422170178168845833e+00
6.959794087285001041e+00 9.330678509967766487e+00
3.598470212472402618e+00 8.646831875257763311e-01
2.366761604698411681e+00 1.475110572003546316e+01
2.656455502815733727e+00 1.543901589598301349e+01
2.951855670386851926e+00 1.484210221432525501e+01
4.249332791294571088e+00 1.150043101957774461e+01
4.390565717247747024e+00 1.134747525553640912e+01
8.417542501757438345e+00 8.623154878447298444e+00
8.757009139662716990e+00 8.276504630850075372e+00
4.431348519978454803e+00 3.500439930289453105e+00
3.378177107466079132e+00 1.356819164470469197e+01
3.510552024047085329e+00 1.400197814282987530e+01
3.782059000692361561e+00 1.365553780995355915e+01
4.032968353287402330e+00 1.412378574371849993e+01
3.671129979579240477e+00 1.442559956639878749e+01
6.119756072791727064e+00 7.441460392431959114e+00
2.016159590852764971e+00 6.289113874335262366e+00
2.077394622176192307e+00 7.555003890971283553e+00
2.983525899082273725e+00 1.155332933285957431e+01
2.933589856151012309e+00 1.136035326477362517e+01
8.228500695822573263e+00 1.414463198996435134e+00
5.153253345198861801e+00 1.180664412132070673e+01
5.700829726930952468e+00 1.187114774969912823e+01
4.855122374668257912e+00 4.830132503475565109e+00
5.806157499894861296e+00 1.110172214554310699e+01
5.751547140366804811e+00 1.093451307811768736e+01
1.962302432497674554e+00 1.206505151274499532e+01
1.821167088100056786e+00 1.231533725846256999e+01
1.900332054928541625e+00 1.266690246354516702e+01
2.544448416034490457e+00 1.453573558970738366e+00
2.939406657542393386e+00 1.847394313845140079e+00
2.904331066635585046e+00 2.753796312122253287e+00
3.148067946345086021e+00 2.850338603976556584e+00
1.470378702021225559e+00 1.595921599933311086e+01
5.108084685316761409e+00 1.038175492324248772e+01
4.788433738223569769e+00 6.384915594697178953e+00
6.256182467244967071e+00 3.757430785921870076e+00
8.454752330629235146e+00 1.068168098875826644e+01
8.679814150343551304e+00 1.090151496358643790e+01
9.160899496013646726e+00 1.085770952549432877e+01
9.240241286556663880e+00 1.033541291038459597e+01
4.568942830445762660e+00 1.187425594226442094e+01
4.427417903048800341e+00 1.197760712381314185e+01
4.575217588578354366e+00 1.137945070977568207e+01
4.509872249823232870e+00 1.121657339564212030e+01
1.853360070887711153e+00 1.334778631611744970e+01
4.485248011329214357e+00 9.959975020706737681e+00
8.094134724878086828e+00 8.584298879268732918e+00
7.103835865684884787e+00 7.758849773304999253e+00
3.401263640874216065e+00 1.077856689147625779e+01
2.858513330697218358e+00 3.735472575427000841e+00
5.542433623407920784e+00 1.160544416860068573e+01
1.405650384122834051e+00 6.925107019886283410e+00
1.038181599245622477e+00 6.909938390146252551e+00
6.585782077655926159e-01 7.260818102806984697e+00
2.402653207430726301e+00 7.678311885047119922e+00
4.531037374752215463e+00 1.894967679880199896e+01
4.992444681095918213e+00 1.810107545966889475e+01
5.883142734876590119e+00 1.815385680396055790e+01
6.426178539720868166e+00 1.895421735762958093e+01
5.973142674017307030e+00 9.698226915562727868e+00
7.193234623950953477e+00 7.059275043352883472e+00
2.314360155754860759e+00 9.234034450941566163e+00
6.728979682916259364e+00 8.143516630811754808e+00
6.631197908952599640e+00 7.928863235227750828e+00
2.294890456334936157e+00 1.826297495331356302e+01
4.027914719411834099e+00 1.278768442198008870e+01
4.140509764721666208e+00 1.308296718383918922e+01
5.029437008700750056e+00 8.112463861684185318e+00
4.823623411073341138e+00 8.081769152915647680e+00
4.691461973162874166e+00 8.212220439890202783e+00
4.889547120370591138e+00 7.827471404313945946e+00
8.412658875717053952e-01 1.146952669587690643e+01
8.148201013747180532e-01 1.097642480050541458e+01
1.222512505513620340e+00 1.074298467875592955e+01
2.744833294562138093e+00 1.429956216830326632e+01
7.008325257807936026e+00 1.092241330800466059e+01
4.103436085917534726e+00 1.077328660884977829e+01
2.285089817810840973e+00 4.213087942519314844e+00
2.389402052705693613e+00 4.616481476957267738e+00
6.823840121760643918e+00 6.838345707808715979e+00
9.282062455075651641e+00 2.249000886990657033e+00
1.507134700448834019e+00 1.105608198386268626e+01
2.783784866002612546e+00 7.812501868610396194e+00
8.295888480899671791e+00 1.772524662299478493e+01
9.158242344156175108e+00 1.825567920369545405e+01
4.398616632380925040e+00 5.790119464550167017e+00
4.447267172844564520e+00 1.106093363285845044e+01
3.481049905950679868e+00 9.141732334472100874e+00
4.668896428541843058e+00 7.799381242595441854e+00
8.594072857867873338e+00 2.709133985264043254e+00
3.873424711637076800e+00 1.534528708206998004e+01
2.712181939161511401e+00 1.619372184475176013e+01
2.398595508905740470e+00 1.113762377561390871e+01
2.347442235817406075e+00 1.098756578102417159e+01
5.168931491729138017e+00 1.112844550988172720e+01
3.726399066641400637e+00 9.876465436687315247e+00
3.864223268231999686e+00 9.739264152890431347e+00
3.137836489404803864e+00 6.125364535374790975e+00
3.454013304377615778e+00 6.439696455379880113e+00
3.553128248488031993e+00 6.664254488428076328e+00
3.788535534537918359e+00 6.720811371952317259e+00
3.643390233593756466e+00 6.889142956025776421e+00
2.751121577135751561e+00 1.137005727596733884e+01
2.811932008501961455e+00 7.256690163265217208e+00
5.054362561306464663e+00 1.064095832523007701e+01
1.801044894636927962e+00 4.749534564729977149e+00
7.218660555065196327e+00 9.987915752473481845e+00
3.820976691406995585e+00 1.085585122834691774e+01
3.810951521153072008e+00 1.101674228475018502e+01
5.814485549043094892e+00 9.035100303899858076e+00
5.173534559430447821e+00 1.010267731138606351e+01
3.365038023992880767e+00 7.987678504853833239e+00
4.020674843861805847e+00 7.591405461425761558e+00
3.962981932099080229e+00 7.378204436926179000e+00
3.753028483146711114e+00 7.328135350694777728e+00
3.903603270530894065e+00 7.166196291135067398e+00
4.062943372252482810e+00 7.000144445045897612e+00
3.698064006921743641e+00 7.111345604718044555e+00
9.100130036048366122e+00 7.573744452048699394e+00
7.431401935649731172e+00 1.059326576335459080e+01
4.326205909697484309e+00 9.511602629714158041e+00
3.284153532294229905e+00 1.009314709844836067e+01
3.152182689617006428e+00 1.020835670846251730e+01
3.214055535573432376e+00 1.040558499765514533e+01
3.989686398388664568e+00 1.152604511345894700e+01
8.689304485658423616e+00 5.885650747636089086e+00
6.258907715896846469e+00 2.747336003047400332e+00
4.397025943692949856e-01 1.175794306329498795e+01
3.703143627933575210e+00 9.180781083758661865e+00
4.180926147320422892e+00 7.433173079197254118e+00
4.722202939434029467e+00 1.014724396596203704e+01
3.774997768791550801e+00 1.005334132925250934e+01
4.012144970728526161e+00 1.029205339177491574e+01
7.006574463546391129e+00 1.022422722536097695e+01
5.165691249021380216e+00 8.700337751092053651e+00
5.192524117641182713e+00 8.886625717050460338e+00
3.392653946108794116e+00 1.044462869496327428e+01
3.626279858777126552e+00 1.327483001561725118e+01
6.644939053418517538e+00 9.409479871994571809e+00
3.328507705255844940e+00 8.529524428055710317e+00
3.480697305247071771e+00 8.388906468105156833e+00
3.383853645420203726e+00 8.734962577191524247e+00
3.033464326398692013e+00 8.833164813336571441e+00
5.315163938822684564e+00 1.163101318781413518e+01
6.673244314342966277e+00 8.965122860438945906e+00
6.592272287993734103e+00 8.835854628490356077e+00
5.327466310328862420e+00 8.595516381532085859e+00
3.775634611563032372e+00 8.109534596303616283e+00
3.853744146822595695e+00 1.040902732136296649e+01
6.188397095157617045e+00 1.363965697343809502e+01
6.252947916079232726e+00 9.208761235122691957e+00
5.840160272385324980e+00 1.024363930763739994e+01
4.219278808826381066e+00 1.130842282698827539e+01
6.470295442727188373e+00 1.039009130351306887e+01
6.514826429697870402e+00 1.054440209799320272e+01
6.673897193641735726e+00 1.058188446046166398e+01
5.546549852364749178e+00 6.459695031042769209e+00
3.915412905063306415e+00 9.918293608259450167e+00
3.269934639481252958e+00 1.056187051153696643e+01
3.605912270249396645e+00 7.486953011402873059e+00
3.017880138283784319e+00 9.615777293839192552e+00
2.586050661348364699e+00 2.121669472109906973e+00
2.353507393134694148e+00 1.894950295410762209e+00
1.894603780662565962e+00 2.204771101387644983e+00
6.143814841366981305e+00 5.506909995970469929e+00
6.245888650619590088e+00 5.944894928646828447e+00
2.441623922630240529e+00 1.069445095855279604e+01
2.524276777413268835e+00 1.081966232728220589e+01
2.691263364135755953e+00 1.081954016089503412e+01
6.475429682199981052e+00 7.541038429088193773e-01
4.367513513024748661e+00 8.998400297788682778e+00
3.232312564168333680e+00 1.131042731582334326e+01
7.875726983868587716e+00 1.076197597738579326e+01
7.773346259542877945e+00 1.087185339282032892e+01
4.253017661660198456e+00 1.202759848727053260e+01
5.426034117811710189e+00 1.086329042344060980e+01
4.599371117012110766e+00 8.536409111725475896e+00
4.546374134282784141e+00 9.036435133438207146e+00
1.372977527673173714e+00 3.012027215246030121e+00
4.528856567242949716e+00 1.038041845060205048e+01
3.955488643637799839e+00 6.547622486114191176e+00
5.866990818804903363e+00 9.200586492816659856e+00
5.657284034585960519e+00 1.062841770396798857e+01
5.701505257858994646e+00 9.770464439966090708e+00
3.900519555255622439e+00 9.227434702446279502e+00
5.103348154323824382e+00 9.320537785202411385e+00
5.273256302001593454e+00 9.366666162954915720e+00
3.705486146765714306e+00 3.356711721748212085e+00
8.545700260567057782e+00 1.128555904093197704e+01
5.793773454477635809e+00 1.009073623606892767e+01
3.650121907358271578e+00 1.129098887213754665e+01
4.902468684932372867e+00 9.741237378923999657e+00
6.798522601765191631e+00 1.801145467148314339e+01
1.257887885509468395e+00 1.024896947546290704e+01
5.205860701159864767e+00 1.266580225000779825e+00
6.015121141309072605e+00 8.615750027665892929e+00
3.061567156526781019e+00 1.108043602724133159e+01
7.374002816516236347e-01 1.844492074850246510e+01
5.395697170872810311e+00 1.028936205764865441e+01
1.700601811814023590e+00 1.055924070127259995e+01
3.942036733027169948e+00 8.707257982456306777e+00
4.734452091078141578e+00 1.056850717857532729e+01
5.998829679035036833e+00 1.028160550845666421e+01
1.432190139226612979e+00 1.712902105085338178e+01
6.649619193010450680e+00 1.000218787883379257e+01
3.065284468506724647e+00 9.812802568582002394e+00
2.924167886215338630e+00 9.949787152934613133e+00
4.576270504514776682e+00 1.053399080575188052e+01
5.993754470377001375e+00 9.072957765360230908e+00
4.776613669715888411e-01 1.448166446250797179e+01
6.057979701274854634e+00 1.001460456409029121e+01
3.219146682812446425e+00 8.130429675931841516e+00
6.221185783988239848e+00 1.004845311359800064e+01
2.721263263465890425e+00 9.138275299747338209e+00
5.979339635219214522e+00 1.069865017016677200e+01
6.358738151235842295e+00 1.050549366887331360e+01
6.407245668007782946e+00 9.655736039926644310e+00
4.725989644371086484e+00 7.182546869832945546e+00
7.232645223421465097e+00 9.533578817586128906e+00
3.609824447614971454e+00 4.296981146199152057e+00
3.988920174478934211e+00 4.391274063264140715e+00
3.954749995353458392e+00 4.779759550657117551e+00
5.320309860003650471e+00 9.531179507858064781e+00
2.597298240689159599e+00 1.050167313511550660e+01
3.139153404939019509e+00 1.079881755842251323e+01
5.296466693346627785e+00 9.978001710734098140e+00
3.405190288338953764e+00 7.435890922894333954e+00
5.313103276326762714e-01 6.706257622832496601e+00
7.000853426103286203e-01 6.170232857880387556e+00
7.102069215259340318e+00 9.178775256709442942e+00
4.827327491457845454e+00 1.111471738244341090e+01
6.284828773720230188e+00 8.160430372126938892e+00
3.606465643478149019e+00 1.114170348068802419e+01
7.272536079704098988e+00 1.013820996517722151e+01
5.519802727534765197e+00 8.646017724354875256e+00
3.047561908762963068e+00 1.046572648823909191e+01
2.929073356612876378e+00 7.673516797143815182e+00
2.884815639293492495e+00 8.980644855849799768e+00
5.977066276263551359e+00 4.178844066523301315e+00
5.315695016388254146e+00 7.135612500387791712e+00
1.074609674925434799e+00 9.864740837576697174e+00
1.204350605376101724e+00 9.326513502966189861e+00
5.643744545483968089e+00 7.654067190313425861e+00
3.292827631660167675e+00 7.035006443249017138e+00
2.479217819977256987e+00 1.016498262317412049e+01
2.284103996251461766e+00 1.013263239140808736e+01
4.327305009162935256e+00 8.081149209162571623e+00
4.739058511573744248e+00 8.399531326902094364e+00
3.275530752415621638e+00 6.645639799358482591e+00
3.291548089321771009e+00 5.666381494676086206e+00
2.801876051972953974e+00 1.154130257354883327e+01
6.736716761581877044e+00 4.865456998870635985e+00
4.478628337248244051e+00 4.691016972324996814e+00
1.478719640103872690e+00 1.796566845473384433e+01
4.557113308195115842e+00 1.094265100766776833e+01
7.690078405388171667e+00 1.011195854062328792e+01
7.580054315851375790e+00 7.209992032646627358e+00
6.152309898793086873e+00 1.316544656550422943e+01
5.790976505996909829e+00 1.300953492068129513e+01
6.786698767640237051e+00 1.046270051179572391e+01
2.724537783466121077e+00 8.365663619415450114e+00
3.551587102901759607e+00 7.271250848286353374e+00
4.413617523394162134e+00 8.482024650725032089e+00
7.110663712518088708e+00 1.010472207396366429e+01
7.508152089654116068e+00 9.309802923689893817e+00
3.160815718091319226e+00 9.480304428017999996e+00
3.076330636057968526e+00 5.861753245001398049e+00
5.280310521723058592e+00 8.409703400824483310e+00
5.456136687435145127e+00 1.744891126085826727e+01
4.731162393981991343e+00 9.704220022667847445e+00
4.486593136958275885e+00 1.309485454600161169e+01
4.509349450866327658e+00 1.499030341634149366e+01
5.222945433938173565e+00 1.025877142870047187e+01
5.442842246850962518e+00 9.407632409610224400e+00
4.743583573065085268e+00 5.142340738072750383e+00
3.705302382372305026e+00 4.995190177365426365e+00
2.751101921708121179e+00 4.683824504325885485e+00
8.230810101228273723e+00 1.194975610361383289e+01
8.511275236499923125e+00 1.237037745461454286e+01
5.740470291220457710e+00 8.192587579375521400e+00
5.169750746596928792e+00 1.052626559462433953e+01
6.407857818315125797e+00 1.065742278542487753e+01
3.558961971406319424e+00 1.202611717902809829e+01
4.527110544183449825e+00 1.392225214568506786e+01
5.058777439853916924e+00 1.161460694268745364e+01
2.485720103053405516e+00 9.056006358490652275e+00
5.152450944568444768e+00 7.301927123780802553e+00
2.118285540535917555e+00 8.413225718545158216e+00
7.542207166033414900e+00 1.523466636938412577e+01
7.815097191768309415e+00 5.657720345210649704e+00
2.480896163101582896e+00 9.651221991844009196e+00
6.160027687247295880e+00 8.496877287191180628e+00
6.528406900846959182e+00 7.025194876331509519e+00
8.384088000290386589e+00 1.881756913775788931e+01
6.026792489159160660e+00 1.085017664804101045e+01
6.955685894866196151e+00 1.007217573610356709e+01
4.816871290039685505e+00 1.700677741805150589e+01
3.466314950386971905e+00 9.479030151743499388e+00
5.669467326326691037e+00 6.725260383605514924e+00
3.423866940188689867e+00 8.191464172109027331e+00
3.893748419207866185e+00 8.514413596650017624e+00
3.851332569741246381e+00 6.943673827588954239e+00
5.319613416262384042e+00 1.651331849493051251e+01
3.497465502824371075e+00 7.045979332669904061e+00
5.953159410243563876e+00 1.013197771806246372e+01
4.222777278046828897e+00 1.179625640056259073e+01
5.791682224668409873e+00 1.395906932239016029e+01
3.000387702006183321e+00 1.030252424076207518e+01
3.621955497253997791e+00 1.171220750989670911e+01
3.465151254671630099e+00 1.166779863637839121e+01
2.789009647505259704e+00 1.208874206521136330e+01
3.544437000682566730e+00 5.759594114680910870e+00
2.323568407572182970e+00 6.252378406002609523e+00
3.033994549989389444e+00 1.208529404479803837e+01
6.495853648839962524e+00 1.095400144603720705e+01
3.266575274277256025e+00 2.623569089272428378e+00
6.787266454896903944e+00 8.830744871193806134e+00
2.826566246974761221e+00 3.375610115739741346e+00
5.395739946980302904e+00 9.244563388752466082e+00
3.638265893996041722e+00 8.263875978786449750e+00
6.906668047587728232e+00 9.913871131456946983e+00
6.087404159517653568e+00 6.286104169921376439e+00
8.110600250491176055e+00 4.128939411377792190e+00
5.188721779268218093e+00 1.246789847040820476e+01
4.576706649450417608e+00 6.514647172016084120e+00
3.605909506475323489e+00 1.801167959395551321e+01
7.513173329344566831e+00 1.047402988769340659e+01
5.228841066514291036e+00 8.218305699177784973e+00
6.106713311217179196e+00 1.118332416250024863e+01
4.816988457596345974e+00 1.768556951589019599e+00
5.783878621413710341e+00 6.230411299040154560e+00
6.932298527770265117e+00 1.503014089599651903e+01
2.614658606779733052e+00 6.710660162820995644e+00
2.271239591003395120e+00 6.586571740967402278e+00
9.309706238052903871e+00 3.879791225824727352e+00
5.705065975962829050e+00 1.078013832820191631e+01
5.976577137689049302e+00 7.689650381923222255e+00
3.909431732992428188e+00 3.095999073066532326e+00
6.053565523453646513e+00 5.117995625118310521e+00
2.427915448511424490e+00 5.414173618261659549e+00
5.165717512446196480e+00 5.750467956923222879e+00
2.861082331006536084e+00 5.001198937661755828e+00
7.668731871954221013e+00 9.949938635966239175e+00
4.640175763086085148e+00 6.752548313984259032e+00
7.061942539039956834e+00 1.037292530725638962e+01
6.700976820605585971e+00 1.708255528653797839e+01
5.683927376420719213e+00 7.985937508228280635e+00
8.188969043035131179e+00 1.131516180315062492e+01
4.872311389096282142e+00 7.065755477540260898e+00
2.077778775372793429e+00 1.037521811371390257e+01
4.273678276347081528e+00 2.658571122389135066e+00
5.587142793666606266e+00 1.089912014912907168e+01
6.914330845858624564e+00 9.482854469295890709e+00
5.865674798778701238e+00 1.081369933956971252e+01
2.960586300068949406e+00 1.107621947075809077e+00
2.132448687752361405e+00 1.186299024663313517e+01
4.234146634964255362e+00 5.982157358205109965e+00
8.570787089209357390e+00 7.899539284723578803e+00
3.690675430869769347e+00 8.454836434929596578e+00
9.610247470406228842e+00 7.137746907019081100e+00
4.230556191683582101e-01 7.771963404496366579e+00
4.482645946145319193e+00 9.556370101334509926e+00
5.904488543102944575e+00 9.977111962675520473e+00
3.931279144637667144e+00 1.332230806486310470e+01
4.077431826667980097e+00 1.180772640269915463e+01
7.393534242681968571e+00 5.951235985093319414e+00
2.447427420545230436e+00 8.761893631637505564e+00
4.553413792431669549e+00 8.345586046375336409e+00
7.698085048924182772e+00 9.439367772765711706e+00
6.754591654378815591e+00 9.881257623138957058e+00
6.835644873404104871e+00 1.061568428376618556e+01
6.727153171402638243e+00 1.074130388613118647e+01
5.230570437043292387e+00 9.208366744301788032e+00
4.293399967877050138e-01 3.719221259243930433e+00
2.347183462559510048e+00 8.486745550175735175e+00
3.085456327285660549e+00 1.126038443368932995e+01
7.263257316095169003e+00 1.260781280724206788e+01
2.521878380295118571e+00 8.302248570772206904e+00
5.000616050268277490e+00 1.049655349600439713e+01
2.310846376200508701e+00 1.171433784285014923e+01
7.578861176714455361e+00 9.633153148484471018e+00
6.566064144982937556e+00 1.069587033990769065e+01
8.680363509620212525e+00 3.555639469463040658e+00
8.153950132798181372e+00 8.899430514770021006e+00
5.818789540225739465e+00 9.652465303011782183e+00
3.108635467507804950e+00 1.956243548768117124e+00
2.736388059222743419e+00 7.600361139033935842e+00
2.720956237314931858e+00 6.880701742389923936e+00
6.953366461810151833e+00 1.049440252056450795e+01
6.367709715613920629e+00 9.507457714606616150e+00
5.858868783670762248e+00 9.815495904878712707e+00
6.521830766212508124e+00 9.537096588637526295e+00
7.373079479471131847e+00 8.705964008322924386e+00
7.042206182557767313e+00 7.333444222374610355e+00
3.200277780724378296e+00 1.435615966165963009e+01
5.784123515276187177e+00 1.211947904440260260e+01
5.989762826262349016e+00 1.233837306475730777e+01
4.105446774062449400e+00 1.155911686581732667e+01
3.386429524520928602e+00 1.198852825829694346e+01
7.883301228266538452e+00 6.589786588329704209e+00
4.837590594590540860e+00 1.046181257167684819e+01
4.627379012390883339e+00 1.109065496387127148e+01
2.597750413978553219e+00 1.094076884097993130e+01
2.598282384791180455e+00 7.161792364497578056e+00
7.722960097614684827e+00 1.350004601560927497e+01
5.774517838537994940e+00 1.164603445936977444e+01
3.509881284067148499e+00 1.084336903448100919e+01
5.438356744325812286e+00 1.306637534832614378e+01
5.665238151621613483e+00 1.267142332389800430e+01
3.105065930170491040e+00 1.001617613454959255e+01
8.082522737492093157e+00 1.291812776582407096e+01
9.613059208090250607e+00 9.949535973483845552e+00
7.822442284414154123e+00 9.828111735922602676e+00
4.094766968358103831e+00 2.363553548267631310e+00
3.433515883448946759e+00 6.848594522877224477e+00
6.406482246623967036e+00 1.168505719214947192e+01
5.074617780516884835e+00 7.041355794581050098e+00
7.159345660790005006e+00 9.358819889499642386e+00
6.093181596908061159e+00 9.586759235066130813e+00
1.047549257228292729e+00 1.403610252594246610e+01
2.005744416881193981e+00 1.148498825040904947e+01
8.938871504840841808e-01 5.192661123578806048e+00
7.791666849786417437e+00 8.769000988332564361e+00
3.591367051703419744e+00 3.057090770047240724e+00
9.304439601185867659e+00 1.451686703501978393e+01
7.169681082447925569e+00 1.159909557926500767e+01
4.754721101956141949e-01 1.121560976326731307e+01
1.037005910630162564e+00 8.919790658786222792e+00
3.507002233010539261e+00 1.486423638054206009e+01
2.687756659141335103e+00 1.790950695868992248e+00
2.878240078700060600e+00 1.558546973290340754e+00
3.182198043406189392e+00 1.733882653415351305e+00
2.362995253306376053e+00 1.154357343209069420e+01
6.900869061579477659e+00 1.076978268290542040e+01
1.718560395217095138e+00 9.842560342716456745e+00
6.682859719603552406e+00 8.704723155736550311e+00
3.786750874221925800e-01 1.070980616337728542e+01
1.173724502834927463e+00 1.336906703666508278e+01
4.684196078851966760e+00 1.043078364446599515e+01
4.650633304589827155e+00 9.345932502375774220e+00
5.712343091731653999e+00 3.037734275870603629e+00
1.365392553227211536e+00 2.507289611453914713e+00
2.130737062656757885e+00 1.589405054102474679e+01
2.683342671130505064e+00 1.903425665996883964e+01
3.744730850063164418e+00 5.321989963803686940e+00
7.936257582676536915e-01 8.046847442116331628e-01
7.077728128347755110e+00 2.830051114723363792e+00
2.828175906669378570e+00 1.124817935328741214e+01
4.167636490851884368e+00 1.364765924271899422e+01
2.134535137137251848e+00 6.976458300128265400e+00
3.428863606859511748e+00 2.467058910425274476e+00
6.379740460916084821e+00 8.558712363221916419e+00
6.330533283419711665e+00 1.212979223385646499e+01
4.008609104562967040e+00 5.958847407774779725e+00
5.461306682636632992e+00 1.101976827596977770e+01
5.578540790344546529e+00 6.892795129519790898e-01
7.100606376698981315e+00 1.109320749880000356e+01
1.528220753630585849e+00 9.275030863160038663e+00
4.532484720687836699e+00 1.276698926144857005e+01
8.411480558644859329e+00 1.547597095513340903e+01
4.013632622531886796e+00 1.469408913405089301e+01
4.887213998140746085e+00 8.933451677938160529e+00
8.054568175542495823e+00 2.177573563231305354e+00
5.042254108559432346e+00 8.995878539851142719e+00
6.154377598947155192e+00 9.096563615546676473e+00
5.201426228008788399e+00 8.048808612889439829e+00
2.085885848602944570e+00 2.499945197624137361e+00
3.710304729780983912e+00 1.094553727449432401e+01
1.852646411563287687e+00 1.083721423432126407e+01
7.609049382143616924e+00 1.815030504643803866e+01
6.616279605967993582e+00 1.085282104747878762e+01
6.852218477252110418e+00 7.722495008447174847e+00
5.912640885670443325e+00 1.096872131681777951e+01
8.510862672510754123e+00 6.640228293673129389e-01
7.776938613296585423e+00 1.106796307187281947e+01
7.878283794338997836e+00 1.132097403936025160e+01
3.221542097965172324e+00 1.213331912365673659e+01
1.313072997899368932e+00 6.592369509581816445e+00
4.228273232583096508e+00 6.235325643334832524e-01
4.510646854306009423e+00 8.150786306621174759e+00
6.166834563443962303e+00 1.749939717624132385e+01
7.357451433544514252e+00 9.419057489635767055e+00
9.132495408039879692e+00 5.359962121019152370e+00
7.615300460631109658e+00 1.061182869640780346e+01
7.686701895269506757e+00 1.074598389434527590e+01
3.272978094244807235e+00 1.070818685056653763e+01
5.284947950529842231e+00 6.872483883275490868e+00
5.294865869957716242e+00 7.915585466944012438e+00
3.785605244030635586e+00 5.599041589007985209e+00
6.213532944190398588e+00 9.469610972915228686e+00
1.969415633048253733e+00 1.053676943184356674e+01
1.517356815230729516e+00 1.076852151436236760e+01
1.460820382023666042e+00 1.052366234170954584e+01
1.304650145143023465e+00 1.345780556365184788e+00
6.706839206453964586e+00 9.725598113487569307e+00
4.652453480554157750e+00 8.022923819895376951e+00
2.063312581862304818e+00 7.952818461693257568e+00
4.724307443792778116e+00 9.067073056130407593e+00
6.158184691309278591e+00 3.267466822202564014e+00
1.835207656535686294e+00 6.533226269806077013e+00
4.205394812816408034e+00 1.069734448123248960e+01
4.583942406964262695e+00 9.203408203753461692e+00
2.683624762148875131e+00 7.389997961943245208e+00
6.275320212795590713e+00 8.968427825158666877e+00
5.173645202445924518e-01 5.669687249380720218e+00
3.451595770733899116e+00 1.722514317007603601e+00
5.453675088956928541e+00 5.556188964506633354e+00
6.893651850013988724e-01 1.319012000790571904e+01
4.621440403905007877e+00 1.026249540772700719e+01
4.203665789260903729e+00 4.083113457836808458e+00
4.221559938024687320e+00 4.905177014374324074e+00
2.284649379620508736e+00 9.607290994473522971e+00
6.512716289236975875e+00 8.703762824619756699e+00
2.490139669734437788e+00 5.018843932239231975e+00
9.322237760295200459e+00 4.674880977191817166e+00
2.226690639905450908e+00 1.093688349396934001e+01
4.909394924345816591e+00 7.576918933491096908e-01
2.213669637391387113e+00 1.271572307453619466e+01
5.496038116173838972e+00 7.967171300705143899e+00
7.667745760174660141e+00 1.263748468871622954e+01
5.354909985274320938e+00 1.146849283409537001e+01
3.193048104439217827e+00 9.695395046147247342e+00
5.890190896848044311e+00 1.450603540226137156e+01
4.555319928903520221e+00 1.009511035755522634e+01
4.287238460892215386e+00 1.190957925150724250e+01
1.774539081409372887e+00 5.150626806391680468e+00
4.873093613045289985e+00 1.097982881926377097e+01
6.394210217285674069e+00 8.841187725594318536e+00
2.225604033800694381e+00 7.618530681157492879e+00
4.187504702607601992e+00 1.055745718506656061e+01
4.419843827833314975e+00 9.836490441589308631e+00
3.510288224895614650e+00 1.184575554840939304e+01
9.250010502313195104e+00 1.904740839604372482e+01
6.658193343196313840e+00 9.573173421750476919e+00
2.126492194320275253e+00 4.896208770368001950e+00
7.853780081477720998e+00 6.136724727435089122e+00
4.291563280340590758e+00 1.822458189308446563e+01
8.697094069152543128e+00 1.486249860403083467e+01
3.170086724001856204e+00 1.097452272699748477e+01
4.278383588673206894e+00 1.283728563830141312e+01
4.172774034206681470e+00 1.257673573335595663e+01
1.917660090528722217e+00 8.080660677466161346e+00
1.890053653756551322e+00 8.301628837902127245e+00
9.452608150316901714e+00 1.630780263748493297e+01
5.434588772174502758e+00 1.250286883871966026e+01
3.033929400809728172e+00 1.173178960243006408e+01
4.556619951767670429e+00 9.690151922897264569e+00
4.218421618732849154e+00 4.585166318316245437e+00
2.565600764865889172e+00 3.644806424774334364e+00
7.052564660953536624e+00 1.078043506864688972e+01
7.839806860394211263e+00 8.408619722178039879e+00
3.334527268509511977e+00 3.026465291980136918e+00
7.742819468316191944e+00 9.648053920925830695e+00
8.671484025219488245e+00 1.956855411380905796e+00
2.042522245510050904e+00 4.471785086789076935e+00
2.452890495804604942e+00 1.092326446800473150e+01
1.384679952732042585e+00 8.663033269737804076e+00
5.959594199279191429e+00 1.111715073195279757e+01
2.862264718098779248e+00 1.231768801926506818e+01
3.699560112623038854e+00 1.105918928869271056e+01
6.402799415516558845e+00 7.982896691659702171e+00
2.386425142625143714e+00 1.028945362446639322e+01
7.574708300245370118e+00 1.088841952755702636e+01
4.159586923465326436e+00 1.167835978986998313e+01
3.510956383447018769e+00 1.915053033607809541e+00
9.134242714849827749e+00 1.386802065347034763e+01
2.672466156760464173e+00 1.252230170484540750e+01
7.486283616663934382e+00 2.389925724361474213e+00
9.341212791437943253e+00 6.278924720722174335e-01
1.935540562412863430e+00 1.300012573368387514e+01
7.588727555058965457e+00 1.130402601993952771e+01
5.632515722412144932e+00 7.826275984817404385e+00
5.201953933914081674e+00 9.047580439809509656e+00
7.511115919770260163e+00 9.477020832631614766e+00
5.342505306266874143e+00 1.112249014775430922e+01
2.150880704357502893e+00 6.424617204600858500e+00
1.521794715018772948e+00 7.131303359167521450e+00
4.470983485443414729e+00 1.212218422443929633e+01
7.857137834984785130e+00 9.305916989349048762e+00
7.844119559797625207e+00 1.017098570238495192e+01
8.716622680203151674e+00 1.289529872268482791e+01
6.490339173069392675e-01 1.918028586739346864e+01
9.601762821819917804e+00 7.696318610859126608e+00
4.839522879427556323e-01 9.995745386963591272e+00
8.484016634501955423e+00 9.391124765306631872e+00
4.424237769933202280e+00 1.008302393845457168e+01
2.193741608086709149e+00 1.210594309060452289e+01
3.977972784554065111e+00 1.047239979952939137e+01
7.546259141212815713e+00 8.786408739953058600e+00
6.183646730972853334e+00 9.334641144006919689e+00
2.106786686335960113e+00 1.166345358673673260e+01
5.835165134671783882e+00 5.720346097526949336e+00
9.567067126343415939e-01 6.514442127046535802e+00
8.346299543574541957e+00 1.157356761188455430e+01
1.663685610728199427e+00 8.455320635438827281e+00
3.018595460471694913e+00 1.838750105024823256e+01
7.050294354502506522e+00 7.538293237809673641e+00
4.881683584271662824e+00 6.866298002869209327e+00
6.343634728863198902e+00 4.853978512227024034e+00
7.877503560976387931e+00 6.956937404682778769e+00
2.044756102189437819e+00 7.740977131102402709e+00
2.471823900316755918e+00 1.045696011432384154e+01
4.249150010873085748e+00 1.332997207518980076e+01
3.147706576971578407e+00 5.534474235088632232e-01
4.998507578402096030e+00 1.118603226428527186e+01
8.268978325697618814e+00 3.168879760783093857e+00
7.402616527716423533e+00 1.150567765596601255e+01
1.443696441034789002e+00 1.655196840492049404e+01
5.455849179152789219e+00 6.725307266259956229e+00
4.074381146929063391e+00 1.088722691609423165e+01
8.714938127012118230e+00 5.396111843102100458e+00
3.900954937172311787e+00 1.110094115785382130e+01
8.870094001300006248e-01 7.576043762399296000e+00
4.048219091077986498e+00 2.849541872600818593e+00
5.966807317549082335e+00 1.501953781825918810e+01
1.977253923413327286e+00 4.053229520857859036e+00
2.247340938220062867e+00 6.818536422644917216e+00
5.947792154123850317e+00 6.033611849549090245e+00
6.797721804338411999e+00 9.423613494001175539e+00
4.944946472095900880e+00 7.973081230544893039e+00
3.159860651516837482e+00 1.051700509366975922e+01
1.713131917823166539e+00 1.074905910271708542e+01
7.731867018037871908e+00 1.054926378795014053e+01
2.875601848879003164e+00 3.013355062806740481e+00
3.257303495019287176e+00 1.525551560981355514e+01
4.433581493572199328e+00 3.817516784214127767e+00
3.702648427769630324e+00 1.203329255160636890e+01
6.321938151135279682e+00 7.391933103336979727e+00
5.773471652939571541e+00 3.877513292817381441e+00
2.517743014274056890e+00 1.059012271414829520e+01
2.142772750284610339e+00 1.104124476656077825e+01
8.212762955659650643e+00 5.881445311270013576e+00
3.515516043251425859e+00 1.072410959331531721e+01
4.772034666395466473e+00 7.926224892605097772e+00
3.081819154717662101e+00 1.188482689548363780e+01
8.911175063836548560e+00 1.117482350113850131e+01
5.984394928515315293e+00 7.282791810704877022e+00
2.177031137686471496e+00 1.025732824088088968e+01
5.324794554509458600e+00 8.947452976561468319e+00
6.463668699699275599e+00 1.192331112488999523e+01
8.946593602002266721e+00 7.956859733890469855e+00
