-1.213329540710828131e-01 5.075138455324778697e+00
2.980125514119152719e+00 2.062768442237487676e+00
3.178570605349853917e+00 2.265584394216205943e+00
-9.997158893635850127e-03 5.366641269642769885e+00
-1.486784796123797048e-01 9.079932812542105935e+00
1.937654449765860987e+00 7.084147823129137045e+00
2.185992374884069278e+00 7.340496690548566683e+00
-1.133506246458557132e-02 9.449423408632078747e+00
-1.592593653600886949e-01 1.305663554701157381e+01
1.947022130167405773e+00 1.108711546194916764e+01
2.148577099404789248e+00 1.129318060145274494e+01
-5.377174865813177940e-02 1.335299830124590237e+01
-1.234823265998046121e-01 1.604799550951720377e+01
3.997723514260430377e+00 1.207848040814761781e+01
4.303617079551786517e+00 1.237894436239801443e+01
4.691957852273926505e-02 1.648666846896675509e+01
1.017894929131975701e+01 8.886947213612776508e+00
8.039601011056042523e+00 1.083978096677326342e+01
7.735140770012567835e+00 1.052931470221939492e+01
1.002932659692754314e+01 8.444019341282391622e+00
1.014253373301350614e+01 5.960227240944488081e+00
6.983129376960952150e+00 8.894118869731673982e+00
6.631994737866993006e+00 8.538535108252773398e+00
9.950382335916096110e+00 5.444557733405743782e+00
0.000000000000000000e+00 0.000000000000000000e+00
1.000000000000000000e+01 0.000000000000000000e+00
1.000000000000000000e+01 2.000000000000000000e+01
0.000000000000000000e+00 2.000000000000000000e+01
5.034369814391299602e-01 4.462744590048623117e+00
1.026316372111840458e+00 3.947903469408072130e+00
1.464442999046170479e+00 3.515568257924370332e+00
1.831884164639147050e+00 3.153562169167010154e+00
2.140167162889980546e+00 2.850641696400624703e+00
2.399651205485001437e+00 2.597526060471881504e+00
2.619494541481819372e+00 2.386084991817095879e+00
2.808590667679938147e+00 2.204988197483622958e+00
-9.281273901206223143e-02 4.049109468550355473e+00
-5.931725041715592284e-02 3.026077202677772249e+00
-2.673778551891511923e-02 2.010636418805675341e+00
-4.577932810143276084e-03 1.004141394443911484e+00
3.081253701859247407e+00 2.164200408309717716e+00
3.026708935105800968e+00 2.392758058992417336e+00
2.841419103983479744e+00 2.561195106568539437e+00
2.617816249409172347e+00 2.778204687394321137e+00
2.349891395218835832e+00 3.039811710337136486e+00
2.029483446068672148e+00 3.354845848405348718e+00
1.646464076285832467e+00 3.732897069613168028e+00
1.189179509353698760e+00 4.185501439506270849e+00
6.430208173861866605e-01 4.725147100229475150e+00
-3.483180095596849490e-02 6.292367944389266832e+00
-7.124084713172984529e-02 7.216158681623759286e+00
-1.142258497161082881e-01 8.146970566301176220e+00
4.517258129630652985e-01 8.494633191472713563e+00
9.116658831928809992e-01 8.045348924537615076e+00
1.265718428339621004e+00 7.700300243812425727e+00
1.540673729677202619e+00 7.434410124295477651e+00
1.758194767439845929e+00 7.232811045882960421e+00
2.066046020702091202e+00 7.212541724785435981e+00
2.046851551583249940e+00 7.455148509695693981e+00
1.869765783568761774e+00 7.611863455947935009e+00
1.645853355431129428e+00 7.825285728493954096e+00
1.363062010220619902e+00 8.101761684737116553e+00
1.005598762561663584e+00 8.452518389684547273e+00
5.557388786433076211e-01 8.894215009643296810e+00
-3.586363674667106954e-02 1.035488603609232428e+01
-7.077720257196437603e-02 1.125181657570994531e+01
-1.167877357975971170e-01 1.215244633985425260e+01
4.484290655238725720e-01 1.247626333728534043e+01
9.145574989085497597e-01 1.203201980971980767e+01
1.272494900171738053e+00 1.169223725006439629e+01
1.549557310530540910e+00 1.143184248146638460e+01
1.767116132034511677e+00 1.123167213778281059e+01
2.051377967450439765e+00 1.119052360556739600e+01
2.010034928013488376e+00 1.140466092401262621e+01
1.831438691954843323e+00 1.155922484809508077e+01
1.606480718935920038e+00 1.176874698547534948e+01
1.321621208749599097e+00 1.203773685945396466e+01
9.634261456963348902e-01 1.237875467793141482e+01
5.126964829960884984e-01 1.280965799108678560e+01
-8.389739432830016497e-02 1.425556502176758933e+01
-1.062932288967930600e-01 1.515419701193169288e+01
5.087376843938035131e-01 1.541712709388389868e+01
1.062991205260543470e+00 1.486829432357515834e+01
1.549752894979790518e+00 1.439162817007550643e+01
1.977155771681065266e+00 1.397717350048254659e+01
2.352267311686928153e+00 1.361608553885090167e+01
2.681487400242658303e+00 1.330069591589042233e+01
2.970394595493592416e+00 1.302421297370093178e+01
3.224448219377304081e+00 1.278138749572468846e+01
3.448402996021203482e+00 1.256797573208867824e+01
3.647709526251541767e+00 1.238064079297519982e+01
3.827829888240282141e+00 1.221724627340660874e+01
4.105169566677457915e+00 1.217844347441550923e+01
4.207287823294114659e+00 1.228043549477145824e+01
4.155416206933375101e+00 1.249514168350792254e+01
3.981932829445346655e+00 1.265012775456353644e+01
3.782931897357422191e+00 1.283497656384215269e+01
3.554405342341204310e+00 1.305255423413658633e+01
3.292001552165868095e+00 1.330383908909571566e+01
2.991174598307643429e+00 1.359370449415977689e+01
2.646960403338384893e+00 1.392529792224131313e+01
2.253827099164864567e+00 1.430537009490125655e+01
1.805377457392919327e+00 1.474180205555261836e+01
1.294167970395175615e+00 1.524374312017404876e+01
7.114102027807396311e-01 1.582168395271044758e+01
3.519554964303562433e-02 1.736669459631772838e+01
2.589926191810486278e-02 1.824432415241215821e+01
1.656625256284790723e-02 1.912068602847981680e+01
9.557794280930606234e+00 9.451362727750991510e+00
9.083324150610890158e+00 9.888530746131072746e+00
8.721390759552731353e+00 1.022706005479075486e+01
8.441475388713126193e+00 1.048830780586217770e+01
8.220998363031391420e+00 1.069108550737827201e+01
1.011277817368833176e+01 9.904710483278069688e+00
1.005410620098780861e+01 1.091041968707615695e+01
1.002952285999143633e+01 1.191135880642956124e+01
1.002629876048166402e+01 1.292091917679482016e+01
1.002711089781527143e+01 1.393633497538780475e+01
1.002458328995959924e+01 1.495309358327885896e+01
1.001881583789667651e+01 1.596778771464907187e+01
1.001118876882900111e+01 1.697944066468813773e+01
1.000461217495559474e+01 1.798828010096061547e+01
1.000003665784430673e+01 1.899467066552692174e+01
7.933110352292298550e+00 1.073607448490773031e+01
7.832296864597234176e+00 1.062970771575387552e+01
7.877106842816330889e+00 1.041840595536808678e+01
8.058053224456303454e+00 1.026151812068468772e+01
8.288475668468446855e+00 1.004923988242330601e+01
8.581662244914403104e+00 9.774843569917393893e+00
8.956327697447612479e+00 9.427331915210757529e+00
9.430987546810476019e+00 8.990513630051427896e+00
1.007576003855967706e+01 7.615006186835767465e+00
1.011340587537583424e+01 6.785937076330329276e+00
9.514775241305756026e+00 6.568069473984490259e+00
8.987153471318938713e+00 7.072958847541735317e+00
8.543028226775643219e+00 7.492803474566283484e+00
8.169469236823752922e+00 7.842733089814474035e+00
7.854581298067333961e+00 8.135305005832412562e+00
7.587899922193181546e+00 8.379261178111308439e+00
7.359574980630421592e+00 8.583425545819496350e+00
7.161319876846962806e+00 8.756726172380313145e+00
6.860172935622308010e+00 8.774897561699683379e+00
6.743521217664232736e+00 8.653810345796761894e+00
6.774440158617626828e+00 8.432151508900320280e+00
6.943679765847436514e+00 8.293933249217237957e+00
7.143092882021813139e+00 8.114980431877532041e+00
7.378662327153760359e+00 7.900831925184032656e+00
7.655671314383821979e+00 7.643569329693361780e+00
7.981257035239980979e+00 7.338027459464807833e+00
8.363706506758809667e+00 6.976627755048716573e+00
8.811731180584924772e+00 6.549304206048577548e+00
9.336407467742496635e+00 6.043668631390382018e+00
9.966874138654318926e+00 4.527960754456451298e+00
9.977635871875540019e+00 3.616957554719805845e+00
9.984295761178461959e+00 2.709746867867901976e+00
9.988396706003106473e+00 1.805289870577983180e+00
9.991727616176280691e+00 9.028524273841542769e-01
1.000000000000000000e+00 0.000000000000000000e+00
2.000000000000000000e+00 0.000000000000000000e+00
3.000000000000000000e+00 0.000000000000000000e+00
4.000000000000000000e+00 0.000000000000000000e+00
5.000000000000000000e+00 0.000000000000000000e+00
6.000000000000000000e+00 0.000000000000000000e+00
7.000000000000000000e+00 0.000000000000000000e+00
8.000000000000000000e+00 0.000000000000000000e+00
9.000000000000000000e+00 0.000000000000000000e+00
9.000000000000000000e+00 2.000000000000000000e+01
8.000000000000000000e+00 2.000000000000000000e+01
7.000000000000000000e+00 2.000000000000000000e+01
6.000000000000000000e+00 2.000000000000000000e+01
5.000000000000000000e+00 2.000000000000000000e+01
4.000000000000000000e+00 2.000000000000000000e+01
3.000000000000000000e+00 2.000000000000000000e+01
2.000000000000000000e+00 2.000000000000000000e+01
1.000000000000000000e+00 2.000000000000000000e+01
2.986103075291174580e+00 2.271599158111143435e+00
2.839817775484218210e+00 2.352408572050071811e+00
1.911310618004354644e+00 7.371594182269075368e+00
1.571968722937864715e+00 7.632224512743541744e+00
1.296684441161024992e+00 7.917400228147700503e+00
1.952365521554990435e+00 1.129924736793985041e+01
1.795294944107924895e+00 1.138933111948413668e+01
1.564869672880659923e+00 1.161163754429104245e+01
3.928832329354524422e+00 1.237581404690807929e+01
3.774398292256361476e+00 1.252718887779134427e+01
4.127214727953062656e+00 1.237230084325551438e+01
3.616572817655650862e+00 1.269974194882760798e+01
4.033711298789908639e+00 1.228029029132751049e+01
3.398071473072358906e+00 1.291664422374334009e+01
3.214396649785093096e+00 1.311873137517243926e+01
8.175077497750761424e+00 1.050951420818423188e+01
8.015238041411986814e+00 1.062818392916472909e+01
7.940106995982615601e+00 1.052524394411607389e+01
8.375838131897802796e+00 1.028683793072941732e+01
8.679700987772489995e+00 9.996076571992883686e+00
9.044535712822327156e+00 9.635527849678068080e+00
8.073609701051349674e+00 1.038938145210267372e+01
7.082231715246337878e+00 8.579926979769933126e+00
7.222998156376138290e+00 8.425552886862542223e+00
7.379754792803859154e+00 8.240502496200599936e+00
6.848556637055726704e+00 8.556010565191529693e+00
7.780423847187171837e+00 7.877172257915352027e+00
6.982599819177388589e+00 8.458426558763614267e+00
8.098320976675175586e+00 7.579833944041477700e+00
6.937916990258714556e+00 8.668560533311435279e+00
7.506602597659100873e+00 8.056210310152374987e+00
8.429899871445273973e+00 7.239000421292863585e+00
2.252963203313055551e+00 7.188834776612430311e+00
2.224009245895568032e+00 7.507067563549228773e+00
6.585217306224429912e+00 8.371532489524152965e+00
6.568912163056631393e+00 8.665703460387781831e+00
4.151671914601253732e+00 1.204662818823894277e+01
7.783389034639594861e+00 1.076266988491410004e+01
2.100442161945036190e+00 1.105779910699510715e+01
3.070565126378686394e+00 2.631568326044645190e+00
7.285136442019250147e+00 7.541518114655819005e+00
8.267757723206067055e+00 6.390265040452865364e+00
4.328609159672769380e+00 1.256998046118015111e+01
2.433706762523680567e+00 3.397929194754636395e+00
3.842944578812440781e+00 1.314254418024103543e+01
3.081108741287609476e+00 1.404111378582469349e+01
1.697473638519058303e+00 8.190392987028234373e+00
3.820807478561697224e+00 1.203643076334041240e+01
3.933847874558108249e+00 1.191817070015429003e+01
3.776942985561290378e+00 1.187522179843634795e+01
3.888724310377457805e+00 1.176033637722787084e+01
3.735383451086011775e+00 1.171820912318541374e+01
3.846029455107670803e+00 1.160382261213217170e+01
3.693893199733610189e+00 1.156250979089559472e+01
3.803825144659264801e+00 1.144874362210317109e+01
3.955457295740262502e+00 1.148720041712513229e+01
3.919260453132413335e+00 1.133941645759725070e+01
4.066203366469639313e+00 1.137131521415080648e+01
4.030000342893575116e+00 1.122453380682669355e+01
4.177042217282849634e+00 1.125490576700667944e+01
4.132215975536603025e+00 1.111090224510518354e+01
4.286760250552732465e+00 1.113737459995330070e+01
4.226268029297279405e+00 1.097774367556846187e+01
4.398153394136429029e+00 1.101994740101907055e+01
4.354908467767447000e+00 1.086937374519788335e+01
4.510720599061960101e+00 1.090463084426306395e+01
4.466786747761908316e+00 1.075285035517827481e+01
4.310565944183405662e+00 1.071601280946237544e+01
4.423941843430328369e+00 1.059791205357545252e+01
4.622786693856407503e+00 1.078984134131454553e+01
4.666847387149286597e+00 1.094103459496379394e+01
4.779537595683988727e+00 1.082587488906167472e+01
4.478821787922616871e+00 1.239788320068676875e+01
4.527295741388350336e+00 1.263740520201973183e+01
4.269204104060365879e+00 1.055770081544962657e+01
4.381689773261126852e+00 1.043846629055223119e+01
4.825566852728262468e+00 1.097347732238696771e+01
4.938552811386988317e+00 1.086150752399006691e+01
4.985582995433047948e+00 1.101133997770402573e+01
5.100718493075953930e+00 1.089877878414702650e+01
5.148219789294665283e+00 1.106390265265661199e+01
5.264580537361995383e+00 1.093907811214447001e+01
5.306992185738816481e+00 1.109855022433405836e+01
5.217609572063686585e+00 1.078274329958285982e+01
4.207497379979483476e+00 1.040085929373876539e+01
4.327329268853179478e+00 1.027807637227415860e+01
5.379952279742327370e+00 1.081938859731892677e+01
5.333690335956537965e+00 1.066479710795113789e+01
4.153914716878000846e+00 1.023593667148495356e+01
4.304784884981823545e+00 1.009676463257071255e+01
5.494633616133133280e+00 1.070084140658189575e+01
4.111503225105100690e+00 1.006038064164163970e+01
4.243254183476080854e+00 9.930199857226805094e+00
5.447619449976865980e+00 1.054590943699604466e+01
5.608798443077239071e+00 1.058245600594840852e+01
4.057231865432687101e+00 9.883475487385998903e+00
4.195162850362730289e+00 9.746300002040795718e+00
3.775718089745649486e+00 1.128309194048113540e+01
5.561873828094584304e+00 1.042741203523715754e+01
5.722714157627900811e+00 1.046389885009690524e+01
5.769213363980373543e+00 1.061855530622854182e+01
5.882392558766195378e+00 1.050083689892169225e+01
5.928673615306722766e+00 1.065459998004734565e+01
4.006968156828962790e+00 9.698924880582158181e+00
4.145535631120428555e+00 9.558574976984630212e+00
3.956220892854385607e+00 9.510409736692908567e+00
4.094720152769713906e+00 9.369193900347021042e+00
3.818747501258416666e+00 9.652076945213989845e+00
4.284131811651990418e+00 9.418575232990827217e+00
4.232755659897009082e+00 9.228972600018227723e+00
4.044559794886734672e+00 9.178346729275565608e+00
4.182460594085288363e+00 9.038828098783136866e+00
3.995272904486521170e+00 8.987754394144351622e+00
4.132695183138508810e+00 8.848412993124357584e+00
4.320347877760984723e+00 8.899648306891139171e+00
4.271517294284358002e+00 8.707402458698457082e+00
4.082713040752033784e+00 8.655195608093841031e+00
4.224976883445488163e+00 8.510810085062649577e+00
5.676561893376830703e+00 1.030811401008614858e+01
4.459456651733731292e+00 8.759620447306991409e+00
6.040807726205941641e+00 1.053780092990878536e+01
6.086742403177967553e+00 1.069091535660123249e+01
4.032357108815356028e+00 8.455048500863060923e+00
4.181755855758932050e+00 8.306804873964386715e+00
3.582828418725738207e+00 1.167422496608256210e+01
3.978769042966725955e+00 8.249596648579256453e+00
4.134411800647626478e+00 8.097309082524411394e+00
6.197817182097749011e+00 1.057433475247772137e+01
6.243719464575811173e+00 1.072742471335517322e+01
3.839366512177552870e+00 8.399314286666717422e+00
6.152466677202714784e+00 1.042120194724403071e+01
6.308981099673387050e+00 1.045752325798086879e+01
3.968778842108609428e+00 1.019700726416250269e+01
7.709150667416929004e+00 1.036540220207432661e+01
3.925758806761232567e+00 8.038802698382447431e+00
4.080725852365710615e+00 7.882761458925043208e+00
4.292792865076831887e+00 7.944732764711424977e+00
4.239389798157461087e+00 7.724835543979614805e+00
4.454858983808744455e+00 7.789037570805084520e+00
4.399386355252481451e+00 7.567701211765737845e+00
4.616411923699374142e+00 7.632063208454154868e+00
4.563491342623090752e+00 7.409774811889455748e+00
4.347250449736213440e+00 7.346127990409952346e+00
4.513105972792042841e+00 7.187726463847140757e+00
4.292881561469081397e+00 7.124302557974171890e+00
4.461196928888917945e+00 6.964423491519101894e+00
4.239130490772323512e+00 6.899882962721124890e+00
4.408852008304670278e+00 6.738719732704572252e+00
4.189769318974467360e+00 6.671782281311304352e+00
4.359979506396040705e+00 6.509464777556090098e+00
4.135368192747682414e+00 6.441979193130228154e+00
4.309874442826242102e+00 6.277552760174287094e+00
4.541623307763767770e+00 6.356795514728955432e+00
4.480850284292142938e+00 6.107460296459778171e+00
4.734732054141286284e+00 6.193055695702056163e+00
4.668545429456904650e+00 5.923062330963012379e+00
4.776912593455957534e+00 7.473115337261558189e+00
4.077675081405383928e+00 6.213433316065205325e+00
6.264392271182441796e+00 1.030421794371035027e+01
4.935182078204974232e+00 6.006193035471858899e+00
4.880377600487714851e+00 5.728887598897258293e+00
4.597821920526643957e+00 5.646682364261980780e+00
4.819112689117790893e+00 5.439357260096206126e+00
5.106398707255385361e+00 5.521477958136651765e+00
5.047142810821660497e+00 5.223468871514224787e+00
4.529409197628281980e+00 5.359185431293019164e+00
4.831506579257609957e+00 7.695433520221517831e+00
4.991217887815102117e+00 7.536684427609377401e+00
7.595034859139390804e+00 1.046931817679835497e+01
7.558912419007488559e+00 1.031810196338796537e+01
5.043822305447161369e+00 7.756752477951025071e+00
5.204563783514433162e+00 7.598999359367152096e+00
5.514191852535001992e+00 1.027164603199128123e+01
5.630396375257451957e+00 1.015117617865357680e+01
4.015410324895159810e+00 6.842877494860874599e+00
9.224820806039884857e+00 1.558858943740811753e+01
5.004272406636494530e+00 1.116102031728407162e+01
5.367217831118737514e+00 5.311162125072088180e+00
5.281886078812709329e+00 4.959890039684546004e+00
6.133495444661290819e+00 1.084446255030998785e+01
6.293205854827484735e+00 1.088317200571403554e+01
6.178729895796487348e+00 1.100400410416897401e+01
6.345861072960896188e+00 1.104458944183591207e+01
6.226402130696603088e+00 1.117203133814125415e+01
6.405648175786711640e+00 1.121062135733774134e+01
6.273750133289556885e+00 1.135450784068444463e+01
6.488367549989752625e+00 1.139188753357977113e+01
6.331174435687017876e+00 1.155875909428066706e+01
6.562296031376434691e+00 1.161918432526385381e+01
5.465558910192342523e+00 1.011405656301989708e+01
5.583762801047697621e+00 9.992146240472955299e+00
5.650411373966753636e+00 5.083561966124067411e+00
2.176604557291375031e+00 1.146381809438397958e+01
2.296509846443861136e+00 1.135714933507504298e+01
7.453511048074465961e+00 1.042729494453185701e+01
7.412405861567127552e+00 1.027740027901639586e+01
2.331301634388276867e+00 1.151870648051279389e+01
2.449468687473669526e+00 1.140463923087888709e+01
2.486691406149081018e+00 1.156878918547785950e+01
5.586903077169763421e+00 4.666210659956279372e+00
5.175273234802558520e+00 4.569053973451195461e+00
5.475984109529193233e+00 1.914178455209534846e+01
6.012156824578580583e+00 4.738039346779424399e+00
5.253386121872519965e+00 7.811427092599657840e+00
5.421921754778400881e+00 7.660453968872960040e+00
5.416632152314067916e+00 9.954531487538552881e+00
5.536396114638582056e+00 9.830830024654654054e+00
5.737055453140294858e+00 5.419411512547209320e+00
6.458811718849717387e+00 1.091913536387614059e+01
5.366898475855202300e+00 9.792226419430607010e+00
5.488435364552730178e+00 9.668326873618553918e+00
5.655731330320548977e+00 9.704733262520445436e+00
5.609724608183966232e+00 9.543540466478390272e+00
5.778090995460139823e+00 9.580285372562034496e+00
5.731106238526554542e+00 9.418615798485527435e+00
5.561186336750841619e+00 9.378060913414193678e+00
5.683200185450048458e+00 9.252875948659227134e+00
5.369937490697070714e+00 7.433904152730836934e+00
5.489454242417549423e+00 4.224353068236982978e+00
5.063302434534918461e+00 4.149309600957859168e+00
5.902993720300867331e+00 9.458265227937298292e+00
1.943314793973875299e+00 1.543350905163453923e+01
2.601954292115176592e+00 1.145386590467935406e+01
2.644231532620452185e+00 1.161665099646813992e+01
2.516708240587526735e+00 1.174398610893216777e+01
5.509239445831406456e+00 9.209810644822157499e+00
5.633700249441507601e+00 9.082814606632213739e+00
6.420493141918683477e+00 1.034017016261901034e+01
6.376362315665709879e+00 1.018561432136186795e+01
7.189736984647948859e+00 8.944692663940138289e+00
7.044457866684248337e+00 9.085988607663129102e+00
7.236362531142335186e+00 9.141347516820907515e+00
7.520753070689326414e+00 1.016541752813129129e+01
7.369778452816447611e+00 1.012420763059279594e+01
2.560217874715352782e+00 1.129858073046671407e+01
2.708092706600976562e+00 1.133874603252187541e+01
2.665922132195087002e+00 1.118980437600741951e+01
5.599613582418250246e+00 7.502330603963018874e+00
5.544128173429558437e+00 7.258740352948491292e+00
2.814628875878950609e+00 1.122766025572540549e+01
2.769377171735566634e+00 1.107796497179950812e+01
5.460003762264271643e+00 7.865067141924511063e+00
3.239130318246218554e+00 2.131481001817685961e+00
3.871145814490797754e+00 7.824907136822266907e+00
5.463002749221700149e+00 9.045107482692833045e+00
7.307957103805639676e+00 1.039114533949666352e+01
5.378448052440474747e+00 3.817874325551675163e+00
4.856826116369108881e+00 3.724718430149874138e+00
4.611672832267565525e+00 4.117368088617443078e+00
4.340472103436724183e+00 1.129696896817492835e+01
6.734065491490785149e+00 1.142533803145623672e+01
6.839223211233829147e+00 1.168209590420287824e+01
6.652004811964111752e+00 1.188847976390218264e+01
6.971748831233168353e+00 1.197172213443961475e+01
6.677496972767670513e+00 1.223722197728571892e+01
2.924396607689926597e+00 1.111806015710061146e+01
2.873170261128493053e+00 1.096366793495733738e+01
1.680597410190770136e+00 4.362624876517121386e+00
7.484339182751379660e+00 1.000865037550035197e+01
5.350907088420187918e+00 9.181260252246248754e+00
4.475350968939838303e+00 1.032103047958150377e+01
7.359468935920885357e+00 1.054247742632003870e+01
3.033439436789538313e+00 1.101407300779477438e+01
2.986624215222436707e+00 1.084862348483602013e+01
2.821037553979369061e+00 1.080690910804700877e+01
2.938560669221387034e+00 1.068787845420885496e+01
2.773423395484166054e+00 1.064677543585426811e+01
2.889199378809588659e+00 1.052458176351934860e+01
2.719038542126473335e+00 1.048183984802552438e+01
2.841044712746302103e+00 1.035461945591289634e+01
2.664573145840432922e+00 1.031059838423449193e+01
2.794881830384269961e+00 1.017485224731762194e+01
2.608720488969756612e+00 1.013009471544776652e+01
2.744879668512472115e+00 9.988715251458984312e+00
2.551966402743457873e+00 9.942297687626160396e+00
2.690821321336717364e+00 9.797822073474684146e+00
2.416638620215469047e+00 1.008731482783777977e+01
2.353600186583686860e+00 9.892995885899924957e+00
2.211226633327177726e+00 1.004416496224949285e+01
3.119063058743355210e+00 1.072960206162749053e+01
2.975400033189121274e+00 1.023376524282300259e+01
6.858410516324215500e+00 9.060572047619182001e+00
6.915278227292535718e+00 9.235381389477307579e+00
5.780376892670432198e+00 7.323830670967123702e+00
5.582419206299428893e+00 8.909552624215226757e+00
5.370315032523309995e+00 8.880264550620129427e+00
9.285511194647272148e+00 3.136205533637544729e+00
5.732678722847916575e+00 7.069711673586655643e+00
6.532507653585778229e+00 1.022175581239777209e+01
6.490052900605397745e+00 1.006540409381284462e+01
7.205751761328959226e+00 1.050805969839351128e+01
2.138644727587304839e+00 9.824851296855229066e+00
1.972989492240505793e+00 1.000090068055988546e+01
1.724593840907299835e+00 1.102687178406599422e+01
7.099390343494113687e+00 1.232718885461068048e+01
6.819147238237714070e+00 1.264405067250199899e+01
6.406770214589488255e+00 1.256437709874060360e+01
6.509525438810366715e+00 1.297447550482238832e+01
4.698289863379144116e+00 1.246852011533035665e+01
4.755912463206972696e+00 1.272312662205704825e+01
6.892256473315952370e+00 8.047259143097511114e+00
6.954618258992552704e+00 1.308587407142661618e+01
6.600920240005189399e+00 1.344004940202132836e+01
7.263308894543414773e+00 1.066599623291605248e+01
6.114498110313541623e+00 1.150142186657924626e+01
5.091005837172045467e+00 7.980441279185054526e+00
5.262948791948248939e+00 3.380897033570779975e+00
5.760454773686777941e+00 3.518226629193973221e+00
4.787168776010424232e+00 3.244247239621399714e+00
7.326045350610320028e+00 9.965524126114871706e+00
2.695695054266392887e+00 1.179994628918771937e+01
2.549133727406271532e+00 1.193579822973484816e+01
2.023822192184216995e+00 1.094122833086184876e+01
5.246358232704730007e+00 9.916826117989351985e+00
5.196034605538088158e+00 9.751962842657055930e+00
5.760381764898692580e+00 8.955429534598131625e+00
5.707696878235627658e+00 8.778936236045177921e+00
5.988191232235752004e+00 7.143686372600787315e+00
2.356653284068952914e+00 2.315151807787423799e+00
1.792691859905244822e+00 2.721930970054680099e+00
3.604216932591573386e+00 1.908167022077247665e+01
5.937297713975846492e+00 6.869141144660535048e+00
4.936316986889828229e+00 1.253865227840798902e+01
4.857104431545925749e+00 1.228956969298355695e+01
5.104885211818340984e+00 1.234592384289220668e+01
5.018771027284194552e+00 1.281269065725945744e+01
6.734307903142890517e+00 9.210044148090931415e+00
2.956090048558273065e+00 1.128402332693769239e+01
3.767741271335230735e+00 9.461662568437665399e+00
3.631696966269787108e+00 9.604334253005966104e+00
3.572051655724213237e+00 9.418733006075736824e+00
4.891301003525367008e+00 1.071143717077023716e+01
7.446450986558218688e+00 9.845534294566586908e+00
7.009840083239386566e+00 1.144086341033747090e+01
6.576148166116681182e+00 1.037728765481969972e+01
7.570367809945857118e+00 8.663471865621456658e+00
4.375296245276532936e+00 9.780577381689745664e+00
3.719890965583188436e+00 7.979871590218976074e+00
3.666072983409787600e+00 7.769439189767770593e+00
3.517679822568696935e+00 7.922245527571036838e+00
3.464578016489502588e+00 7.715921837264194671e+00
3.319189731014954958e+00 7.865625831926959854e+00
3.267006541544191123e+00 7.662862575788110142e+00
3.123437074256579571e+00 7.810721688126302631e+00
3.174249806706371579e+00 8.011735120513090891e+00
2.981158760471173785e+00 7.951630135209352801e+00
3.029965391049614265e+00 8.155878141623331246e+00
2.833814350783395497e+00 8.094778254968625575e+00
2.883231366846175092e+00 8.302135969754882439e+00
3.073090522749543752e+00 7.608457446453207318e+00
3.213254664515929004e+00 7.461220069473115224e+00
6.222282577967587436e+00 6.966836332342036364e+00
4.795378415157816043e+00 1.301997006403673574e+01
5.097733924899656266e+00 1.312730217446092063e+01
4.824712884359585452e+00 1.337765534512734611e+01
3.018238272917845411e+00 7.408159563284325344e+00
3.157191262156580969e+00 7.260596997966045407e+00
3.080304422136009190e+00 8.357826203683183408e+00
2.934807306855884868e+00 8.507236013150848208e+00
3.133900964588883120e+00 8.560366012455597584e+00
2.987963356956126582e+00 8.712408649474301825e+00
2.785260139926144074e+00 8.656606237110695545e+00
2.685170177871362807e+00 8.244289389446958438e+00
2.839245760510578975e+00 8.864512706094785699e+00
2.660460123088638440e+00 8.801820742885240634e+00
6.163093539261488729e+00 6.659652566664693296e+00
6.477803142402017045e+00 6.761965153419459362e+00
6.404090701268949637e+00 6.431919596571299635e+00
5.166798134235561335e+00 2.898126926133825609e+00
5.012336020771058109e+00 1.211013727282415964e+01
5.265895075812529136e+00 1.215528850166405306e+01
2.959950784862849016e+00 7.207363755225492774e+00
3.101209172323163621e+00 7.058404451146713221e+00
2.901705900583894326e+00 7.008038865044196264e+00
3.056911668275807070e+00 6.848732774740666329e+00
2.832094083306660792e+00 6.801301248719834547e+00
3.001912152631856401e+00 6.631730198546808452e+00
2.760320712369093155e+00 6.579409819274149918e+00
2.939649759749593194e+00 6.392827106394650016e+00
2.666157126513684528e+00 6.344145611488817060e+00
2.877444534850155833e+00 6.128551117489479338e+00
2.579313417071470216e+00 6.080414698680221441e+00
2.802859301391617208e+00 5.854343432077032894e+00
4.417083598368884090e+00 9.273458425866834887e+00
1.667612343135876252e+00 1.214806847275285939e+01
3.963767160829489988e+00 1.106977485707124309e+01
5.283271820124946672e+00 1.051120398676107115e+01
6.687962666221852537e+00 1.025854032511672287e+01
3.674209150693438453e+00 1.200014312912731107e+01
1.707356061979544481e+00 7.026820226169125050e+00
1.894353006874169187e+00 9.743784856283467022e+00
5.745927806967537244e+00 1.003280685779569836e+01
4.697412759233237090e+00 2.774586823615486697e+00
3.346027387250687823e+00 2.286994598373381926e+00
3.430260547649557346e+00 2.114013253427710293e+00
2.553641833730305066e+00 1.043954377395434996e+01
7.089857213075332787e+00 1.357095796669830001e+01
6.698248307454642614e+00 1.395338381799824745e+01
7.454097598291120619e+00 1.317981973177457000e+01
5.541112100513989169e+00 1.085486692869848291e+01
2.506459971193187641e+00 5.788965124324201739e+00
2.729669059954477728e+00 5.564493624508149772e+00
3.023579890839231510e+00 5.638416162414656263e+00
2.955252517733208073e+00 5.350748056383348938e+00
2.268560756070551854e+00 6.026844504589290885e+00
3.245798846951683192e+00 5.434778497549049625e+00
3.178782698917359539e+00 5.136796940054997762e+00
7.097001813008137816e+00 1.062605150432292156e+01
6.780347027155020356e+00 9.372942387678762088e+00
9.078019596956181658e+00 1.730912497127011207e+01
4.098642319943344603e+00 1.052297536706970860e+01
4.327377866641647586e+00 3.108933188072915410e+00
6.330931811456963487e+00 1.002972789799391151e+01
3.542204922872363770e+00 1.151889616963596730e+01
3.431187836995220231e+00 1.162989014664697152e+01
8.227197178186610671e+00 1.088286863343622812e+01
4.687579773935595995e+00 7.038352771717625522e+00
5.074406359315139170e+00 9.878559270320117491e+00
4.105625733599330474e+00 1.153363370724651560e+01
5.836782422441949336e+00 7.587470469684286734e+00
5.023046181677201183e+00 9.710731950774343701e+00
3.559360264328116141e+00 2.312236386443970559e+00
3.675994032741956907e+00 2.084330854368267261e+00
5.885956190264877819e+00 8.827151437658367072e+00
5.834031994846886171e+00 8.648361952395957175e+00
5.653558777359276810e+00 8.596986018463526946e+00
5.785036791450049343e+00 8.461811261751101654e+00
3.355599404109051331e+00 7.302239640737280268e+00
2.884696946860791922e+00 9.846200328018657189e+00
6.059367494972588197e+00 1.112468999674373116e+01
3.902927314688863891e+00 6.376913834820149063e+00
4.377130677886024834e+00 8.367533150864563396e+00
6.607278153617969885e+00 9.351295096308263055e+00
6.549861315635596704e+00 9.190313445918389945e+00
2.749054049397075872e+00 1.199857127553668157e+01
2.587050361295483825e+00 1.216124443750001483e+01
4.994421788943639307e+00 6.285511726469192872e+00
2.631921424851193070e+00 1.077530895062117722e+01
8.226914987592998330e+00 9.703242845684492579e+00
2.833126520971163576e+00 9.651282989040701921e+00
2.632777202832166985e+00 9.599551038203996356e+00
3.185340895343645062e+00 8.772693929843617511e+00
5.356813414676005358e+00 1.240002041810355848e+01
5.529640676158901869e+00 1.219966709151089290e+01
5.421608212060158749e+00 1.195402656100724137e+01
7.283657721336165736e+00 9.800522289227174610e+00
5.195111651121992580e+00 1.350603102424484803e+01
4.879764510300826252e+00 1.378377344354657374e+01
7.677522004125688637e-01 1.774546994039386050e+01
2.884320375099520550e+00 7.543762218597903413e+00
2.188089899798578042e+00 5.693106269292124821e+00
1.930955523683250741e+00 5.971308722048953577e+00
2.206569230722761787e+00 1.163447295238633039e+01
3.473986120758355778e+00 5.240712821362086160e+00
3.412534576884723503e+00 4.915086809833942638e+00
3.095182742023664613e+00 4.818835254201227158e+00
3.343742668898350701e+00 4.577288735717043977e+00
2.704813926502454446e+00 5.286287120893437219e+00
7.164202696924502511e+00 9.926006425629966046e+00
3.246984320745544217e+00 6.912236439187219972e+00
6.166253502415546706e+00 1.172573523093109849e+01
7.368543964593646578e+00 1.195608463830387791e+01
7.470703144131674911e+00 9.019951375533882265e-01
5.305733424683811705e+00 1.393273243672130945e+01
4.942524696245540916e+00 1.425737035764207938e+01
5.408708511270167385e+00 1.443193229096636365e+01
4.990575856126270082e+00 1.479344521903974297e+01
5.501483898838416486e+00 1.498595601111940567e+01
5.066002134479501429e+00 1.538378167434631294e+01
5.655134702785720613e+00 1.558845577937531957e+01
5.188167576506421241e+00 1.601780207739031425e+01
5.837984682754851384e+00 1.623316722640943510e+01
6.340143921029869567e+00 1.563386894249110171e+01
4.550727880864096520e+00 1.578530972305862612e+01
4.669154658979434380e+00 1.646444045453019100e+01
6.525966526198544670e+00 1.644922744185313945e+01
3.843533074983391806e+00 6.141154529386010807e+00
5.964215110705255896e+00 8.515991439814953878e+00
5.919983474555811753e+00 8.325182617301425836e+00
2.137723377846634687e+00 9.552743535008968223e+00
6.277577172435851338e+00 7.265706282461158239e+00
7.241014896131934719e+00 1.410568711284115473e+01
6.757398471778783389e+00 6.542571499336816032e+00
6.663746645241372057e+00 6.147488638255409477e+00
3.814719607716401395e+00 7.612171172874737657e+00
2.504774838938022885e+00 6.550539628370056100e+00
5.034140708651261953e+00 2.353044941224399444e+00
4.003876030570633127e+00 1.620172411668142587e+01
7.404417263781477132e+00 9.683234664041004081e+00
1.827948135708690858e+00 9.458360157613217467e+00
1.546004490647148399e+00 9.724025933308167780e+00
3.682340154466933857e+00 9.791373180935950771e+00
6.447160678348086371e+00 9.907442205019677317e+00
6.602044639043218588e+00 9.945683256263935235e+00
6.284366399075288712e+00 9.872431069757130473e+00
3.003228005506770160e+00 4.475381785151643754e+00
3.264661184570985419e+00 4.224214154207493799e+00
5.939815477879875516e+00 8.999571942539906999e+00
2.636404340194724139e+00 8.030895274480892354e+00
4.777290477553150616e+00 1.205762103899533066e+01
4.919059177415304518e+00 1.189436751931877545e+01
4.705020328486235748e+00 1.185202613001709437e+01
5.490358291790887080e+00 7.017811374498200472e+00
6.063637399780223092e+00 8.874636754761587198e+00
2.477296773336352675e+00 8.182238612149191681e+00
4.724007216826393574e+00 1.108231209504003445e+01
3.673631197308468543e+00 4.685235377898923304e+00
5.864563954366070142e+00 6.570947128155570027e+00
5.608902938822787121e+00 2.517862066033073720e+00
3.496287893743354580e+00 9.743645924024495031e+00
3.546415717548302204e+00 9.929127343949105011e+00
7.153656556702095770e+00 1.078855064938522546e+01
7.331350556297078214e+00 1.082899645393939991e+01
8.222461937036634083e+00 8.301925001164997653e+00
5.125050486432514596e+00 1.004339770182251002e+01
4.953284861364919855e+00 1.000589463236087973e+01
5.003534359859485470e+00 1.017110668864249945e+01
1.846507507785139390e+00 5.593346976450573216e+00
2.061871798721483184e+00 1.025519153887503165e+01
1.803808782076346873e+00 1.019578082071618574e+01
4.492508672881823095e+00 1.455980769364843219e+01
2.181859250519464499e+00 1.092518261595883011e+01
7.155778908656178494e+00 1.035947835972815767e+01
6.981972819428302834e+00 1.075229158291158171e+01
2.280624275103970700e+00 1.319827530047253994e+01
3.193832893685999874e+00 6.448579057223915889e+00
2.048591305822550446e+00 9.247826572902503983e+00
2.873915817182326471e+00 1.183012539257607543e+01
2.932257040117332014e+00 1.202343834224315344e+01
3.389953153851409606e+00 1.147406735219434992e+01
4.835579251258563360e+00 1.170145075604562024e+01
6.427389177274700494e+00 9.327403828147540210e+00
7.119063413473075919e+00 9.760117026475690238e+00
1.875057771445042709e+00 6.854976003987841793e+00
1.647254229130783454e+00 6.750373005424186168e+00
1.531519444583588685e+00 5.910582044521908607e+00
1.221291769112301973e+00 7.334219118925791925e+00
4.310438424996237750e+00 5.570377341963193452e+00
5.600681916980772002e+00 8.409204499609462147e+00
1.223195873332413086e+00 1.133487918922117643e+01
5.210679771036490493e+00 6.091245039618948809e+00
2.104606290857931494e+00 1.079375201507342830e+01
4.632865195708537165e+00 1.166759669027056034e+01
4.123186928479749547e+00 1.692227246732539214e+01
3.416478097782347678e+00 1.665436098773486151e+01
2.779568778689326169e+00 9.449502582371097859e+00
2.977858400727964039e+00 9.504825249515700847e+00
7.616698318723774896e+00 9.884481473714679112e+00
3.278046174247510880e+00 8.411342541112572846e+00
7.378296001425569628e+00 1.913843665112571557e+01
6.080756061539690727e+00 1.287213903467737808e+01
6.105900738964274765e+00 1.026911946716293578e+01
2.083283154631980771e+00 6.869958685450103353e+00
3.272573212766692663e+00 1.158551697719743245e+01
3.314624730766294380e+00 1.175148152687165393e+01
2.758532339240301834e+00 7.143656290428845423e+00
5.993398425626221382e+00 1.697180003240406165e+01
7.078217610634924384e+00 1.592839318072496191e+01
9.194699461307877186e+00 1.245086343206419421e+01
6.101987237333457159e+00 8.391155843655058177e+00
6.060903380151152930e+00 8.182576991643154329e+00
1.053234999869433697e+00 1.293796893963411243e+01
3.826745015064854538e+00 2.329171529911856275e+00
3.668578636710139396e+00 2.572576248165951984e+00
3.972034175369825615e+00 2.060109043820351094e+00
3.775134225328028670e+00 1.761169180618672891e+00
4.237384407057537494e+00 1.722949554110339010e+00
1.750856339107368598e+00 9.149605958108441683e+00
1.975415441435489416e+00 8.942104213920016420e+00
7.064778198043973667e+00 6.284585604413569726e+00
6.980534912255367708e+00 5.856049788562113001e+00
3.321048406528794406e+00 1.933275391197468496e+00
5.147827548502148964e+00 9.582407311996725241e+00
4.972311479746314156e+00 9.538366223745825323e+00
4.848269101664298475e+00 9.669332469863904933e+00
4.241640779091843783e+00 5.285723498249310204e+00
4.471154763330798865e+00 5.063627705688273473e+00
2.039326378514093374e+00 6.671601100069068480e+00
3.367267605070551451e+00 9.878734109886547543e+00
3.413267605083766032e+00 1.006410153836335830e+01
6.559627160112127875e+00 9.786608766093157996e+00
4.766491112037507527e+00 1.152303912485589521e+01
4.960339279251101630e+00 1.155144601515531910e+01
1.605157196852249557e+00 7.813071421102031344e-01
6.731430096011531639e+00 1.041490470855539030e+01
6.620553800181243176e+00 1.053415017647455620e+01
5.443202291439431129e+00 1.890356047925703775e+00
5.935208034767414098e+00 9.627629102123462346e+00
3.517082877295889975e+00 5.543553568790191122e+00
7.262792635561616805e+00 1.671240577663500204e+01
6.126866065665653061e+00 2.088181696681481014e+00
2.428769781849061005e+00 7.966917296592287201e+00
2.511556260048269262e+00 1.115288016900982981e+01
2.370774413891328702e+00 1.207850715652880780e+01
2.404734469000219477e+00 1.233517446057996914e+01
2.630142148820274972e+00 1.239742780932657418e+01
5.935811268885675673e+00 1.165057445308332085e+01
4.370333804744300110e+00 1.275690287816770052e+01
6.116840720797963371e+00 9.041062663105375208e+00
6.242233658706131116e+00 8.918801437147324762e+00
7.003125412222012791e+00 9.888135771811601415e+00
2.274271870548944641e+00 1.078982849729865023e+01
7.193547297546401431e+00 1.098134730660808778e+01
7.398170377046677793e+00 1.100442133788808441e+01
2.571174902873150980e+00 9.388782712241505735e+00
3.595776445195439486e+00 1.011145004240341905e+01
3.464802435422916549e+00 1.024422648034327743e+01
3.642858722863854926e+00 1.029025316178465843e+01
3.517410301242446913e+00 1.042050479762185411e+01
3.692271315600804460e+00 1.046381987219689336e+01
3.568950452478437008e+00 1.059087596854714519e+01
3.736392928653542889e+00 1.063519912543931767e+01
3.619446362609697321e+00 1.074746130187043214e+01
3.340481560582000853e+00 1.037731266378402673e+01
4.504160908334436719e+00 1.180933778893271224e+01
8.756321158789409864e+00 1.063637443637130353e+01
5.972076497424795072e+00 1.188227676201966254e+01
4.797798607220495448e+00 9.493948533783161281e+00
4.922808599050650713e+00 9.361659592766200078e+00
2.918752042194323604e+00 4.116514964542838939e+00
3.187258436701107200e+00 3.871693328164524939e+00
3.527903826621971550e+00 3.979056657452424872e+00
3.448183885419827899e+00 3.632090980828220683e+00
3.788536583098153443e+00 3.728810091800172977e+00
3.123370097080608865e+00 3.526789960308073457e+00
3.371268532459891443e+00 3.311030383667103560e+00
3.408570756976564198e+00 1.233097933058633622e+01
1.907537194542132442e+00 1.081121684327036547e+01
2.267152299046409247e+00 8.117582502847048076e+00
2.314352307071310122e+00 8.346646341660456159e+00
6.953734051591461629e+00 9.724933326626961971e+00
7.051628707279905761e+00 9.588268012677133356e+00
5.867366453628439338e+00 8.123859022574343669e+00
7.142777749713957292e+00 6.695673358656407004e+00
1.689028678993859112e+00 8.834404948379967593e+00
5.687593002971183864e+00 1.356357775880920080e+01
2.931354544570292653e+00 9.297064357332965656e+00
3.126198855330279969e+00 9.358993775178699792e+00
4.523296221317095522e+00 1.363675350875926817e+01
4.833170320166138012e+00 1.013316605456002328e+01
4.884338299521227000e+00 1.029677021480621946e+01
4.126518816667543277e+00 7.287181035544000096e+00
3.305187313068639554e+00 1.594614125827101248e+01
6.057671817112240120e+00 9.517564505265058372e+00
3.866720419795863783e+00 4.076957891692760683e+00
4.446368411827648970e+00 1.164008283369170549e+01
6.550515392265236159e+00 5.724844456980543228e+00
6.867885073677256536e+00 5.380058745582769753e+00
7.346895185135428719e+00 5.539543757062501683e+00
7.221571326339827124e+00 5.011025515356450022e+00
7.754147755495084837e+00 5.194410338697641905e+00
7.620183100247528429e+00 4.635864331694310891e+00
7.062988738255070231e+00 4.472118279107783145e+00
7.468507182878003192e+00 4.063339092930984719e+00
8.201204729750088518e+00 4.795482172318832781e+00
3.856297039732856646e+00 9.127542219316376659e+00
3.807520623936018200e+00 8.934622077495102843e+00
3.659072461367554929e+00 9.077625752242513002e+00
3.617926428713012399e+00 8.880134477597513509e+00
3.441307127915142594e+00 9.039915268978138130e+00
5.265221210318189016e+00 6.375758802877885323e+00
5.046681287791092707e+00 6.564127441602728652e+00
4.487973695167895016e+00 8.015542222585748888e+00
6.892261999975681341e+00 3.905670995583875094e+00
7.310127644185008933e+00 3.462823036680699573e+00
5.815743433304676913e+00 1.077108199591141435e+01
4.031252579723703100e+00 1.179061218866135086e+01
6.018321790820748696e+00 7.974913346054613328e+00
6.216905140455752488e+00 8.027103505734737965e+00
6.179139682502052366e+00 7.801285058921754612e+00
6.395710755867918706e+00 7.880386562467712075e+00
5.497531653640723270e+00 6.178694937524062958e+00
6.842144978311696768e+00 1.029675330366045749e+01
3.655464114739093162e+00 6.315542843156685571e+00
3.602183106574694982e+00 6.065458162799730601e+00
3.720227489392414544e+00 6.556253264534141145e+00
4.508267061806881415e+00 8.950816516154370461e+00
4.647110420369838124e+00 8.812629854799828522e+00
4.692281125266323905e+00 8.991850489257849688e+00
4.835466707758306448e+00 8.858208307261216774e+00
4.786659145247966762e+00 8.673425707882699953e+00
4.974265337876362381e+00 8.727042174078997405e+00
4.926088309427761658e+00 8.535063630980914695e+00
5.114923423935242575e+00 8.590696510419855159e+00
5.022301320932822222e+00 8.915889943798200434e+00
3.501577655403536493e+00 1.136352553163536250e+01
3.349548697259056684e+00 1.131733836751216238e+01
3.462089117586640619e+00 1.120677623359542530e+01
3.441289685916577135e+00 1.072127831335079229e+01
4.782082660456136836e+00 9.967674522939340420e+00
6.197449826015952290e+00 8.753301761694588734e+00
2.645892154899041504e+00 4.384275509040054253e+00
3.114374646704469285e+00 3.202756886475505382e+00
2.600786491215703489e+00 7.819070870585760780e+00
2.190331359215050622e+00 1.064020623735680537e+01
6.167438687866849456e+00 9.995833015840599245e+00
5.344431768917782932e+00 1.023817082491167341e+01
5.066838934304008113e+00 8.395473995860157856e+00
4.875285650822814176e+00 8.338524936649719166e+00
5.899636009288299121e+00 1.140649129223559832e+01
5.711240841874785978e+00 1.157477495107179699e+01
5.666423451797333755e+00 1.136063464225057373e+01
5.503815416429489460e+00 1.150073128459997207e+01
3.537201379465307660e+00 1.742337753194501460e+01
2.801045944719229741e+00 1.713495223551147717e+01
4.246199475865136463e+00 1.773855552739096808e+01
3.573691419718815432e+00 8.129764389392411417e+00
9.139781485647462844e+00 1.373478385276091229e+00
3.782295628342844829e+00 1.079836046585461418e+01
3.654434143699624826e+00 1.091848404154126762e+01
4.937505311674391884e+00 7.316961440634677238e+00
6.820055523114270990e+00 1.451756443827441778e+01
7.408003738371318647e+00 1.470514675441161856e+01
7.863283032926591254e+00 1.423112371321699676e+01
3.079282324569423412e+00 9.159925355842103656e+00
7.051939973331522005e+00 1.005095075327008125e+01
2.243812844634084147e+00 7.897862660708928395e+00
3.314717880516698578e+00 1.115830454274794725e+01
3.322652726603883888e+00 9.678134479335215090e+00
1.427137408346689229e+00 9.071389576700575219e+00
6.796736278664637254e+00 1.013956830355236072e+01
6.876888046779974673e+00 1.121966088381587312e+01
3.420505128442649756e+00 1.104849026226983000e+01
7.922739937195662385e+00 3.579980052472081731e+00
7.821373969498359280e+00 2.910117623751216076e+00
7.118153557098195749e-01 9.468394472851757726e+00
6.479893710649544225e+00 9.483808477123339742e+00
3.958587223648680542e+00 2.609368541577491651e+00
3.778071856521835414e+00 2.852812538498965989e+00
8.488773401558382670e-01 1.052285928801193471e+01
6.692932216963279224e+00 3.319098129270978692e+00
3.809710239357933848e+00 5.908407565693573282e+00
5.466460514178659302e+00 8.546461899222114411e+00
5.414656523538589283e+00 8.355546492350857335e+00
9.324435548991694134e+00 8.239292401980405245e+00
7.378833370509432221e+00 8.999074721027746193e+00
7.439539358339237296e+00 9.203842642774521465e+00
7.608691237316159039e+00 9.052538324951706628e+00
7.664012869586203536e+00 9.274994371126599191e+00
7.867562368722914812e+00 9.154613768316666622e+00
4.473414494530853602e+00 9.467833838317195827e+00
8.021595998661837257e+00 9.952364575536197577e+00
3.244335562949616225e+00 1.000070060179134046e+01
4.353287276928915261e+00 1.225824344238773911e+01
6.055702577240117179e+00 9.334962847542540132e+00
5.323019247394610076e+00 1.287328071834830290e+01
4.745041865015221738e+00 9.319292417170498055e+00
2.253952103372046878e+00 9.050751786014050282e+00
7.526445803923001776e+00 1.238706609931959335e+01
7.792687682405643912e+00 1.203112983872206243e+01
7.979406297465000186e+00 1.247826170636023058e+01
7.663139278068066496e+00 1.168752265164399162e+01
8.027218259552883595e+00 1.170409848905496375e+01
8.095533654725965533e+00 1.100784059496748668e+01
8.318982310931206214e+00 1.109645257555200359e+01
7.918701058459794773e+00 1.101343081157289561e+01
5.051288553560233652e+00 1.033269013511967138e+01
7.847511343993374133e+00 1.616631316910238070e+01
8.324293939524144648e+00 5.421495018224771201e+00
9.284237503512869694e+00 1.152968686016637001e+01
1.526841101449129212e+00 1.389505109192596422e+01
7.302264387343893048e+00 1.115533696357852023e+01
1.414688324729854063e+00 5.424654272572112745e+00
3.946940098704143640e+00 1.281048441251216197e+00
4.536046562267927129e+00 1.221758103726708677e+00
5.551772227404873306e+00 8.214112897508845990e+00
5.627559942069612298e+00 1.245699975092754030e+01
4.021538532155133794e+00 5.498104381753535996e+00
1.051827303491608356e+00 5.799573642404774354e+00
2.681500733828430239e+00 9.012702209465940584e+00
2.355499785170702687e+00 1.094006731338232541e+01
3.399182461241899489e+00 1.426891282718786291e+00
4.662746770224840631e+00 1.008851239268353162e+01
6.473433684502540864e+00 8.528059019250889605e+00
6.406968085994103390e+00 8.354473730457756986e+00
3.968345114917481986e+00 5.188077582112089026e+00
4.319472440609667174e+00 1.177910019630728300e+01
2.132557120798802330e+00 5.306325675927857866e+00
2.346976571540591028e+00 7.358901276437004313e+00
2.391736816217886030e+00 7.548016524672812366e+00
2.525323492205298503e+00 7.392279986686751236e+00
7.284608016138192532e+00 9.342827013505454303e+00
2.174332196232780401e+00 8.761830217668142851e+00
1.504821329471117686e+00 1.911521754377085713e+01
6.121952112826530623e+00 9.840131931519676911e+00
6.242161952595316698e+00 9.719984602657474326e+00
7.492982823595948361e+00 1.119651039765814815e+01
3.758663432870072096e+00 8.741007207812053537e+00
3.547822885256298076e+00 8.676948952234441848e+00
8.748911401273220534e+00 4.995401663995040487e+00
8.714334938493436766e+00 4.352686137481230233e+00
2.448959779734681597e+00 1.261310434951211334e+01
2.142739885470734240e+00 1.249003018577621305e+01
2.912939219667603830e+00 1.791939626572798971e+01
2.161874628839822510e+00 1.764207857801767076e+01
2.018566890858013441e+00 1.676299387528376172e+01
6.892276959988500096e+00 1.044916771566992963e+01
3.463377291058832519e+00 2.796216780430448523e+00
7.505602252881448777e+00 1.085377401708380063e+01
5.941514852892932019e+00 1.398611328257049369e+00
7.927013482715703496e+00 9.654074490599162672e+00
7.480178985656927182e+00 6.462779926930307006e+00
8.064768793649081502e+00 1.489149385398759406e+01
8.560028670853446542e+00 1.440669360076526928e+01
8.460391444986617770e+00 1.368743662439785780e+01
4.940672807494945751e+00 1.045433118387161464e+01
4.773606487350003036e+00 1.041993405183089649e+01
5.361588567017735230e+00 8.177258421545030131e+00
6.001973097520363787e+00 9.961716632504463931e+00
3.285852089481734684e+00 1.098374118348849748e+01
7.626476326896438174e+00 1.059576011124678985e+01
6.355167210238914954e+00 9.184088265189187084e+00
6.473020793479490109e+00 9.053386432574276554e+00
2.560045068771575671e+00 3.997994768322298054e+00
3.153508897422768076e+00 1.170259798684169716e+01
3.113534261909987499e+00 1.153673886852279828e+01
4.386206393534708425e+00 1.193452758822912863e+01
2.579084500746787523e+00 8.600054723923362232e+00
3.897050020846639207e+00 1.068025701074501299e+01
3.195419155650883081e+00 1.187803854277558280e+01
3.357891237307030430e+00 1.192065524721808245e+01
3.232112075139213392e+00 1.206708711416791502e+01
6.356246378694453192e+00 7.653025868185929781e+00
6.594907130356284064e+00 7.730187490557407060e+00
6.496142660046857031e+00 8.205525142695359264e+00
2.266909524160433786e+00 1.119690266358397146e+01
2.101215945399756091e+00 8.260949975077137353e+00
1.210588028085911150e+00 6.255039879966952654e+00
6.286296090848237483e+00 1.430709378175176383e+01
5.807494595826708128e+00 7.877665579011584818e+00
2.437650731359092937e+00 7.186481122925225229e+00
3.231334923898397271e+00 2.444318989122639341e+00
4.134480965613772874e+00 3.818405868878221643e+00
7.288424994592902273e+00 1.139446815293709747e+01
4.625483728055021615e+00 1.222740374960350884e+01
4.656946907103677979e+00 9.622082363282174811e+00
2.179413215328922071e+00 3.770260608855241280e+00
6.235662440897576708e+00 1.197239108960866183e+01
6.013184642344190145e+00 1.214347423468842635e+01
6.362649064547492017e+00 8.795012936400100401e+00
4.606879391271164970e+00 9.940683485638516004e+00
4.892805244249343488e+00 9.190744836179087329e+00
5.068635466578084170e+00 9.248352881062663400e+00
8.890971480089600476e+00 8.820903096078723138e+00
3.211045412805581645e+00 1.125787264289382072e+01
5.473923316815841211e+00 5.895733342517988973e+00
5.718740511509965430e+00 6.032651984273812218e+00
8.245369813685550220e-01 2.524047911171704683e+00
6.848729218638682781e+00 9.855632663512535530e+00
6.797891631155802195e+00 9.691412322416535829e+00
1.883497523310757815e+00 1.045641079256922801e+01
1.616352945821777132e+00 1.039915145202244418e+01
5.273892733076849026e+00 6.674037343748037365e+00
5.090629402260270275e+00 6.837845184255693098e+00
3.959582444881197372e+00 1.087343850251377120e+01
2.370112177600816494e+00 1.066260753197223643e+01
2.285739927460356924e+00 1.051678259473466426e+01
7.541716421585354269e+00 6.880348966011214706e+00
8.752928163643087789e-01 1.669096153418710671e+01
4.887654585718676614e+00 1.139343401330676464e+01
5.079277979416274569e+00 1.142019661421952925e+01
5.169483958915082056e+00 1.157680635733680496e+01
4.702246013404123737e+00 1.135147597842384926e+01
2.337124947735029767e+00 7.028178454118995333e+00
2.531841469387074550e+00 7.019190654222816406e+00
3.278778897200547160e+00 9.208143235245444203e+00
3.405880082141270027e+00 6.248811751789250302e+00
3.356413121815802203e+00 5.990074541400250752e+00
5.477216695082657516e+00 1.130175252681752696e+01
5.627015404913721319e+00 1.117423698601013271e+01
4.839317087819771324e+00 6.711334228772909860e+00
6.517962662040098998e+00 7.430300742674065262e+00
6.814194315364479948e+00 7.564421918237239417e+00
6.819481311413363223e+00 7.245202274606944215e+00
2.419858607275516160e+00 6.814401411827317290e+00
6.470146882893861751e+00 4.408471115285797381e+00
6.430970356311950020e+00 5.279380846251084947e+00
8.500276658881016800e+00 9.139652159132257481e+00
7.992062313586389521e+00 1.121495796013587309e+01
7.837026229496651730e+00 1.011260949676351828e+01
8.093166027197057133e+00 1.700736180086954619e+01
7.456994437392112651e+00 1.756910585132338909e+01
3.337378448751662674e+00 9.426812453793660396e+00
1.874632117858331393e+00 7.940289306812659653e+00
1.512737717481873689e+00 1.009882860339490840e+01
1.903207874643965791e+00 1.185216287239965105e+01
1.446534441554095940e+00 8.424473253559423114e+00
6.317712112878647090e+00 9.451147059196827627e+00
3.824516215579936151e+00 1.033163857085455106e+01
2.923935272443609623e+00 1.271020122570742039e+01
8.482338040249667310e-01 3.305115312792878068e+00
7.606934972128583938e-01 1.632513209754533845e+00
4.065244485148017617e+00 1.071873443874750720e+01
6.700550885613286489e+00 1.571986928417084206e+00
6.854717349694071871e+00 2.260002432587286503e+00
5.581704176026357489e-01 1.386679789471050661e+01
3.233268293478449795e+00 8.994626689495083482e+00
2.418751604955131640e+00 9.552687613029563707e+00
1.928841735023734349e+00 8.657692997002676805e+00
2.622254743328624293e+00 3.133176090162401284e+00
4.446165989111727335e+00 2.246889023683400044e+00
6.290055633509229693e+00 8.480628564887938481e+00
1.412550225126958825e+00 2.033693980119932743e+00
1.647023437244142796e+00 6.359360226758888679e+00
3.580162486692899382e+00 1.109200122292606316e+01
8.714376307603229677e+00 1.185454262960085181e+01
2.561522329961017697e+00 7.609761777366432334e+00
6.371205501019960415e+00 1.492337703505251945e+01
1.452788951803066775e+00 1.256566649396483371e+01
1.548052445953826295e+00 1.308597912633888782e+01
8.680967703959860060e+00 1.638779113839101953e+01
1.352837436964751783e+00 4.862360954616796072e+00
4.768598174766531805e+00 4.469096296149929870e+00
4.373535926076884017e+00 4.372499246838264852e+00
9.257604536653422755e+00 1.334681406754103072e+01
8.085570371192003947e+00 9.382262311345959560e+00
7.469098385837416920e+00 1.786764759359751320e+00
2.619537524180109767e+00 1.290537682126785590e+01
3.146787252998876738e+00 1.248002099670318898e+01
2.463739266236848025e+00 7.762483874219665569e-01
1.966862388712889320e+00 1.535185872903045867e+00
2.801098278617043302e+00 2.016503946876637254e+00
6.630272098527145275e+00 1.118721126107950958e+01
6.785788313741676347e+00 1.102174015082683844e+01
4.093746798158186095e+00 5.784886252148451646e+00
5.302658346320211713e+00 1.141098254281865998e+01
4.062829160075664525e+00 3.454449175273338835e+00
6.952168450706475156e+00 9.424685475518055355e+00
3.599744089870852370e+00 8.722135410054799864e-01
2.376164489514654754e+00 1.490096018425035851e+01
2.664281360757846162e+00 1.559625319856861481e+01
2.959009415239086671e+00 1.499332622240309476e+01
4.251877279796897113e+00 1.161722746397561679e+01
4.392603916234009809e+00 1.146262942768230353e+01
8.404129981578490671e+00 8.709991206844557965e+00
8.742268271101385935e+00 8.359962958542238809e+00
4.433013086773892830e+00 3.533423665971155092e+00
3.384164862491205739e+00 1.370632704421420200e+01
3.515914933824538569e+00 1.414470080079211911e+01
3.786436089458048659e+00 1.379473746563135172e+01
4.036339972410531551e+00 1.426799947055585349e+01
3.675781405093998089e+00 1.457283751492228419e+01
6.115219744615989050e+00 7.515771841811949905e+00
2.027190326128720521e+00 6.352227913818977001e+00
2.088460713760658560e+00 7.631060257881411069e+00
2.990867837991174394e+00 1.167057014751294020e+01
2.941117546892408452e+00 1.147559114917285328e+01
8.223298129918751087e+00 1.427744889707397213e+00
5.152624797650399380e+00 1.192694967943328699e+01
5.698095675614978539e+00 1.199207825753105006e+01
4.855615521293410453e+00 4.876888873890387721e+00
5.803074682039159882e+00 1.121435488922059776e+01
5.748665323862162779e+00 1.104535464215345719e+01
1.973657485950299773e+00 1.218720223549616044e+01
1.833140429425477169e+00 1.243997973231708443e+01
1.912050438265332053e+00 1.279517987484971187e+01
2.548309251348152227e+00 1.466911307321232316e+00
2.943354057722123329e+00 1.864509609262082979e+00
2.909829570729008275e+00 2.779817792115917285e+00
3.152937386163706002e+00 2.877215185709538936e+00
1.481892920168259575e+00 1.612055367234989944e+01
5.107451382501155379e+00 1.048669669794593418e+01
4.789098473431638858e+00 6.448188561557493870e+00
6.252381896318231824e+00 3.793242688691417897e+00
8.441619852321004203e+00 1.078924838331490932e+01
8.665971958244002238e+00 1.101130534866105393e+01
9.145298082955033436e+00 1.096678506647986673e+01
9.224006312643462380e+00 1.043917339305626335e+01
4.570555320869439164e+00 1.199523374742629578e+01
4.429547971268571693e+00 1.209973246618626419e+01
4.576644443751500368e+00 1.149494535222586755e+01
4.511481353007726902e+00 1.133033615329513566e+01
1.865253256862484221e+00 1.348293503234409663e+01
4.486894438606956470e+00 1.006043297227103750e+01
8.081955284707108333e+00 8.670634391876802738e+00
7.095496682256967169e+00 7.836720957108952668e+00
3.407120487567528944e+00 1.088777296830267360e+01
2.865237734872666309e+00 3.771537261612510239e+00
5.540339025523305594e+00 1.172354549092530185e+01
1.419215331168571348e+00 6.995091403081547199e+00
1.053135504670856593e+00 6.979940969514674798e+00
6.751764176049065425e-01 7.334529907317591579e+00
2.412458623365586696e+00 7.755523997390097790e+00
4.531378696725438360e+00 1.914230406617040003e+01
4.992312152919931911e+00 1.828594505258645242e+01
5.881625281647165693e+00 1.833914801552463203e+01
6.424918854569005688e+00 1.914684734993100435e+01
5.969207613793209966e+00 9.796100711722207421e+00
7.184690237010253000e+00 7.129991959519752953e+00
2.324332260060104627e+00 9.327067140140382406e+00
6.722123088907591359e+00 8.225133453175351050e+00
6.624727702056758538e+00 8.008266747176602252e+00
2.299063172592350046e+00 1.844877981978740422e+01
4.031395729780033577e+00 1.291792463428755688e+01
4.143527683002926842e+00 1.321632042844370147e+01
5.029079289275787623e+00 8.193592720267155016e+00
4.824055669527009371e+00 8.162598030260285853e+00
4.692393036710989840e+00 8.294385418147783184e+00
4.889735143696065656e+00 7.905713510717037096e+00
8.568876830593186167e-01 1.158547926321743127e+01
8.302955209516373891e-01 1.108737455094060564e+01
1.236383628434944537e+00 1.085151327193068838e+01
2.753037198059253399e+00 1.444499855793761611e+01
7.000600112464175240e+00 1.103288884494702593e+01
4.106531958078843303e+00 1.088242551164861105e+01
2.294280209811948357e+00 4.254579401106805214e+00
2.398458400967805826e+00 4.662061205991156143e+00
6.816782981845989298e+00 6.906592746488195544e+00
9.270957944219917479e+00 2.272539998712417297e+00
1.520078907027816895e+00 1.116793722548914758e+01
2.792099967556488593e+00 7.890944570483815035e+00
8.288383803739336031e+00 1.790511490677520712e+01
9.149933565661985568e+00 1.843977512485372827e+01
4.400775039550095968e+00 5.847128853812256999e+00
4.449077163858110140e+00 1.117306005873744645e+01
3.486630415764083946e+00 9.233629774730072626e+00
4.669932100715588064e+00 7.877351537330394393e+00
8.584278720400872587e+00 2.736193087231106436e+00
3.877056229698061518e+00 1.550225267557060249e+01
2.719058608041780012e+00 1.635883070569403941e+01
2.408192968877172380e+00 1.125055037284000825e+01
2.357331646725975283e+00 1.109891586047867129e+01
5.168214475136705843e+00 1.124133977495093184e+01
3.731011759622198110e+00 9.976069983350310366e+00
3.868297891877240602e+00 9.837407957543755188e+00
3.144767709230024799e+00 6.186225697225542497e+00
3.459815083874286046e+00 6.503833288298110027e+00
3.558554727422944985e+00 6.730747269152373313e+00
3.793041321370763885e+00 6.787834222359366620e+00
3.648448948779611900e+00 6.957972156666032859e+00
2.759330532485502196e+00 1.148536233376922766e+01
2.820162097002658186e+00 7.329615065580730615e+00
5.053965889753166074e+00 1.074863939242622912e+01
1.812424014836294228e+00 4.797062459097904075e+00
7.210185240968196574e+00 1.008873125583350117e+01
3.825174096904695009e+00 1.096589280553831536e+01
3.815179693067523026e+00 1.112849038141749425e+01
5.810923742673550052e+00 9.125751697470203538e+00
5.172612204872818253e+00 1.020467163098269481e+01
3.371087890900563266e+00 8.067754592440749661e+00
4.024206349215360135e+00 7.667346419460727702e+00
3.966749957247241998e+00 7.451986329257618280e+00
3.757609765783804345e+00 7.401457050237852719e+00
3.907620910862982022e+00 7.237819994047593575e+00
4.066360091203455873e+00 7.070012672886950789e+00
3.702883933610984002e+00 7.182461907169553683e+00
9.084106740372266842e+00 7.650454821634832037e+00
7.422063880379583978e+00 1.070006097571674175e+01
4.328473364202305440e+00 9.607304100739025188e+00
3.290485497921048719e+00 1.019503610863373844e+01
3.159023053283458005e+00 1.031145262015298592e+01
3.220664778076591794e+00 1.051079092886620359e+01
3.993218290462618558e+00 1.164318553867126127e+01
8.675438205921361501e+00 5.945343510308231494e+00
6.255811932078345627e+00 2.772903812109264177e+00
4.569710211993533444e-01 1.187684545826056848e+01
3.707862154997517479e+00 9.273058714936187386e+00
4.183851680001589912e+00 7.507472356839274497e+00
4.722956627308369626e+00 1.024968729516505839e+01
3.779416920517653100e+00 1.015482720536421191e+01
4.015623014365970356e+00 1.039607768173754820e+01
6.998999328179468016e+00 1.032744820133367014e+01
5.164731414844597523e+00 8.787454368501746771e+00
5.191431342415624428e+00 8.975682824679299898e+00
3.398568000574568426e+00 1.055027352752248149e+01
3.631335146660199076e+00 1.340999459953981798e+01
6.638536185087460240e+00 9.504403207760336869e+00
3.334702296012974188e+00 8.615129292140018435e+00
3.486303176019397654e+00 8.473041550070032457e+00
3.389826692094239480e+00 8.822667483643185093e+00
3.040778101715064796e+00 8.921950804083023101e+00
5.313934695942661435e+00 1.174939968289721648e+01
6.666502335904881171e+00 9.055278211880391837e+00
6.585702663057202422e+00 8.924489307123844029e+00
5.325897571655621832e+00 8.681537862339638423e+00
3.780096023615751921e+00 8.190771879226788954e+00
3.857840583818539670e+00 1.051430719675681047e+01
6.183970088699654255e+00 1.377875007676605712e+01
6.247773277580847662e+00 9.301475559237696089e+00
5.836877816846227418e+00 1.034719674327135053e+01
4.221919847134649295e+00 1.142319990325897372e+01
6.464752724383711957e+00 1.049511752175578927e+01
6.509103005467426151e+00 1.065101034960897408e+01
6.667559362881965157e+00 1.068883595610391524e+01
5.544333231756850111e+00 6.523707342012443178e+00
3.919282933392806090e+00 1.001833745777551066e+01
3.276323064195698187e+00 1.066875282006382442e+01
3.611043343275737172e+00 7.561925451407585541e+00
3.025204446761368793e+00 9.712645754009113119e+00
2.591354787242736712e+00 2.141709846400384976e+00
2.358818585509784960e+00 1.912757372988166615e+00
1.902020254749401174e+00 2.226165480809529029e+00
6.139652266573699890e+00 5.560953046847507686e+00
6.241219023855495429e+00 6.003578605058290663e+00
2.451141222167510403e+00 1.080255560474989274e+01
2.533513184713501509e+00 1.092917548976373965e+01
2.699860561072457976e+00 1.092909315077089971e+01
6.474330093945020792e+00 7.606761078784346486e-01
4.369641446369763926e+00 9.088697270462994027e+00
3.238737466385838371e+00 1.142519526351657611e+01
7.864698877012494371e+00 1.087056424121053944e+01
7.762760021214372586e+00 1.098170862600361453e+01
4.255707964216405514e+00 1.215027838368978763e+01
5.424341677128474259e+00 1.097336545065229529e+01
4.600630770655588009e+00 8.621895190146949162e+00
4.547798461500049072e+00 9.127111699824537183e+00
1.384063021872872223e+00 3.042384348894402013e+00
4.530346551731773808e+00 1.048534272801539835e+01
3.959351600481144207e+00 6.612775977585156006e+00
5.863244710236112489e+00 9.293063109625304463e+00
5.654721707613762582e+00 1.073600613490127387e+01
5.698570396852968400e+00 9.869032689092909649e+00
3.904466504128703441e+00 9.320178640327823061e+00
5.102580972869231069e+00 9.414193011856019311e+00
5.271831807518245760e+00 9.460825815396528782e+00
3.709215200464213602e+00 3.388454372373157497e+00
8.532388737453658223e+00 1.139936156595936723e+01
5.790616396737880756e+00 1.019269242504395301e+01
3.654974709464635207e+00 1.140561697216574899e+01
4.902505625197361994e+00 9.839367596802508942e+00
6.795254408481162578e+00 1.819521302518232275e+01
1.271632106025695874e+00 1.035243231072399972e+01
5.205684119242587116e+00 1.277806437728087108e+00
6.010877674874607557e+00 8.701908406101679816e+00
3.068677962617542221e+00 1.119279637888346457e+01
7.449324135903538924e-01 1.863086898098498523e+01
5.394010973982924284e+00 1.039335491372221654e+01
1.712738094427995739e+00 1.066590757854560501e+01
3.945842137973022190e+00 8.794586893657939441e+00
4.735194489130518214e+00 1.067541391716032173e+01
5.994990205357661139e+00 1.038556378633655441e+01
1.441596195961897031e+00 1.730230694136760405e+01
6.643379522492521616e+00 1.010322519443040967e+01
3.072433342337386630e+00 9.911723750189189275e+00
2.931844001634190899e+00 1.005013256818494938e+01
4.577589233794920887e+00 1.064053933415238440e+01
5.989491921429344501e+00 9.164068882567452334e+00
4.943797302246857872e-01 1.462691168852342471e+01
6.053867756636477360e+00 1.011579762727744658e+01
3.225768501769992636e+00 8.211983545906322846e+00
6.216508022873771466e+00 1.015000235648125759e+01
2.729725234652956356e+00 9.230256338094578794e+00
5.975606978672822756e+00 1.080697095368915406e+01
6.353604173961731050e+00 1.061173489017944860e+01
6.401778327486197462e+00 9.753237717221372449e+00
4.726829294837975759e+00 7.254186525583607548e+00
7.223978752558013028e+00 9.629698083443699375e+00
3.614396826896610904e+00 4.338453475085289668e+00
3.992269904328157093e+00 4.433585804123977958e+00
3.958334183284510477e+00 4.826156588098285738e+00
5.318726339243858625e+00 9.627108399193483379e+00
2.606216979319359250e+00 1.060776554628404078e+01
3.146027445130398004e+00 1.090821258466667665e+01
5.295067876394156769e+00 1.007869026078813413e+01
3.411098005640543995e+00 7.510402228598134222e+00
5.480359686568737621e-01 6.774534910153647616e+00
7.159584145283649503e-01 6.232951616114438487e+00
7.093809484550917865e+00 9.271146938528108450e+00
4.827821661172315260e+00 1.122741371863078896e+01
6.279633906785878850e+00 8.242108803030870234e+00
3.611490707269926048e+00 1.125475949970353184e+01
7.263890716716697504e+00 1.024053917373099587e+01
5.517474781096711745e+00 8.732540486948845881e+00
3.054810197939176852e+00 1.057154581944265281e+01
2.936805538100743185e+00 7.750527596843665989e+00
2.892680097422930974e+00 9.070976870615616861e+00
5.973940554929674462e+00 4.218913879680439294e+00
5.314261447651842829e+00 7.206722755365182920e+00
1.089093408672052510e+00 9.964288509955080642e+00
1.218595160800959531e+00 9.420615049652123929e+00
5.641022110376987975e+00 7.730548653417728566e+00
3.299236415133544931e+00 7.105470495998399194e+00
2.488497616792110456e+00 1.026753396998451606e+01
2.294067676044352133e+00 1.023485971631550839e+01
4.329641531675169297e+00 8.162019008958672828e+00
4.739790871366481362e+00 8.483600776466627025e+00
3.282042204023295717e+00 6.712016973927975805e+00
3.297764166047734147e+00 5.722342712973492063e+00
2.809906852844905156e+00 1.165836962094829765e+01
6.730729474518174271e+00 4.913021905623767616e+00
4.480400261461059408e+00 4.736352946866376534e+00
1.485776344481045008e+00 1.814770631020866176e+01
4.558524059413195495e+00 1.105351944153875010e+01
7.679783863471594252e+00 1.021398405742012372e+01
7.569906251683451437e+00 7.282433835126568944e+00
6.147935492402343272e+00 1.329965511662447142e+01
5.787892918858246638e+00 1.314221848962053407e+01
6.779951098317135383e+00 1.056838570655848919e+01
2.733075507345954058e+00 8.449742399549489136e+00
3.556952191459606727e+00 7.344049468785178725e+00
4.415601100210049701e+00 8.566974386186934964e+00
7.102656717544443943e+00 1.020672986001014593e+01
7.498392658862355731e+00 9.403621217644127839e+00
3.167607224587770887e+00 9.575756860423568995e+00
3.083395106398390428e+00 5.919846730782691857e+00
5.278959208723898122e+00 8.493831889515389477e+00
5.455037259444332598e+00 1.762747976521017890e+01
4.731853743106825050e+00 9.801952082255096954e+00
4.488333163321279962e+00 1.322844263173976032e+01
4.510915967848160513e+00 1.514372892235582846e+01
5.221874516369531705e+00 1.036242265083682845e+01
5.440768757571770031e+00 9.502255278955361817e+00
4.744468532342042799e+00 5.192413867851376708e+00
3.709818934858946982e+00 5.043933590394486188e+00
2.758857178858059367e+00 4.729813309974183255e+00
8.218762295581159449e+00 1.207046867781182975e+01
8.498202272199625540e+00 1.249518478043999536e+01
5.737389048015673509e+00 8.274528833751338297e+00
5.168921493700294079e+00 1.063274041552575966e+01
6.402525552028908606e+00 1.076523722954824080e+01
3.564244723733505538e+00 1.214857077702222199e+01
4.528704959286029563e+00 1.406448412689420735e+01
5.058526879087519745e+00 1.173280061416951625e+01
2.495077532110267615e+00 9.147190732839286298e+00
5.151636765442673571e+00 7.374771113370141684e+00
2.129148587141285187e+00 8.497925754587786429e+00
7.533425942631288841e+00 1.538952766692019836e+01
7.804732187800432541e+00 5.714294213190308724e+00
2.490187892301404915e+00 9.748495131916765644e+00
6.155289117270350552e+00 8.581825344276969858e+00
6.522422336356117789e+00 7.095268149883736442e+00
8.380124173232120555e+00 1.900853171289614707e+01
6.022882662801024800e+00 1.096009799435146270e+01
6.948284320326163943e+00 1.017387456066550122e+01
4.817177229670913441e+00 1.718097862812824062e+01
3.471942135726969081e+00 9.574448749360024991e+00
5.666739373790965040e+00 6.792071456139315622e+00
3.429692668629436003e+00 8.273596447213581229e+00
3.897747593654509846e+00 8.599765300555466396e+00
3.855575932885392465e+00 7.013010142234475275e+00
5.318587372613213127e+00 1.668251535430251309e+01
3.503073645552841953e+00 7.116485362352391597e+00
5.949449883760732583e+00 1.023438056805838592e+01
4.225516073785629878e+00 1.191624072728160577e+01
5.788748072243949494e+00 1.410160532126076127e+01
3.007806428902823903e+00 1.040659508331914651e+01
3.626915137169901993e+00 1.183125921193781593e+01
3.470689367861119479e+00 1.178634823189165637e+01
2.797238796370349778e+00 1.221153149865652665e+01
3.549758818751151956e+00 5.816465671962404826e+00
2.333456525287621375e+00 6.314881912998650648e+00
3.041295772614312387e+00 1.220815539478489242e+01
6.490144322122050724e+00 1.106493793690964189e+01
3.270863129756568011e+00 2.648156968468236450e+00
6.780025609858800983e+00 8.919351242130812096e+00
2.833052994028077531e+00 3.407982504605256757e+00
5.393829924599231163e+00 9.337425775612000933e+00
3.643259770806035025e+00 8.346706518332169367e+00
6.899419758824832272e+00 1.001396552810815521e+01
6.083221441808516872e+00 6.348338726675173405e+00
8.100434572893247420e+00 4.170057060626296774e+00
5.187797864175922591e+00 1.259509010382999072e+01
4.578172143443293152e+00 6.579323997149987058e+00
3.608139656849961074e+00 1.819550214489805740e+01
7.503585481355235842e+00 1.057957149281309306e+01
5.227712292692359597e+00 8.300498272884613726e+00
6.102483737324140733e+00 1.129680017249122237e+01
4.817372282851510867e+00 1.784513534489999165e+00
5.780827111475943525e+00 6.292017456298809819e+00
6.925570680343634322e+00 1.518332540924364160e+01
2.623735370058562388e+00 6.777882107699145564e+00
2.281433707043788228e+00 6.652553217295706922e+00
9.295525543767061194e+00 3.920044835626797841e+00
5.702346021370938267e+00 1.088933510703598984e+01
5.972566214967846676e+00 7.766515916849793477e+00
3.912400628856741225e+00 3.125029288980158970e+00
6.049850619729105539e+00 5.167919603090077807e+00
2.437163779260880681e+00 5.467977918281039074e+00
5.165038828654398451e+00 5.806972133560127425e+00
2.868588577011554897e+00 5.050412755580388158e+00
7.658494241298752669e+00 1.005033424519093899e+01
4.641377960289067239e+00 6.819719168719212909e+00
7.054148387316041102e+00 1.047762019542468792e+01
6.696603438414022058e+00 1.725708519581449707e+01
5.681063238663484505e+00 8.065800237992290178e+00
8.177008608710353954e+00 1.142942270699301233e+01
4.872592793141572010e+00 7.136167224268215925e+00
2.088470073673089455e+00 1.047996812880581174e+01
4.275397906798523273e+00 2.683179940577259615e+00
5.584866117052602164e+00 1.100958483896523354e+01
6.906931542521156153e+00 9.578474915078306395e+00
5.862365242513208230e+00 1.092324744222628397e+01
2.962929931601355982e+00 1.117490735114501366e+00
2.143087477570264188e+00 1.198315812537137148e+01
4.236929027782740498e+00 6.041242661093219724e+00
8.556701508417740243e+00 7.979200642144096634e+00
3.695464721516065865e+00 8.539609083853894944e+00
9.592300969965640078e+00 7.210453639814194737e+00
4.408088659486684158e-01 7.850825885377687996e+00
4.484300429183768699e+00 9.652538178273086800e+00
5.900904716203804412e+00 1.007789673899330474e+01
3.935104778763520272e+00 1.345807623405072562e+01
4.080628858696742967e+00 1.192788414935424868e+01
7.384602354545815039e+00 6.010550225041628281e+00
2.456974608294974605e+00 8.850083548023338409e+00
4.554866511802121209e+00 8.429123748187812737e+00
7.687644991120606619e+00 9.534549228775656360e+00
6.747926335328473968e+00 9.981042677044884570e+00
6.828669286366680247e+00 1.072293217757999351e+01
6.720574299337884305e+00 1.084991151147709409e+01
5.229304426545786200e+00 9.300830772928479817e+00
4.450692670142329943e-01 3.758324419486329226e+00
2.357152551707024646e+00 8.572152627859182417e+00
3.092436818656996156e+00 1.137461663263017897e+01
7.254814712652629893e+00 1.273583834307546248e+01
2.531199971328891962e+00 8.385737565636574686e+00
5.000388615162317585e+00 1.060270318139121670e+01
2.320792226020555127e+00 1.183305329715378029e+01
7.568894437318050450e+00 9.730315807283743013e+00
6.560120916824290660e+00 1.080404701492139097e+01
8.668842263969983364e+00 3.591607883022509551e+00
8.141632362805548695e+00 8.989055996790616732e+00
5.815385969593865667e+00 9.749811256055659570e+00
3.112439329745702032e+00 1.974340170844539832e+00
2.744869353481940166e+00 7.676692652782905135e+00
2.729651446786892866e+00 6.949736639023616824e+00
6.945965602862318455e+00 1.060035729432754259e+01
6.362311143738417663e+00 9.603411422800657959e+00
5.855387289262991679e+00 9.914578045758894120e+00
6.515913522449156225e+00 9.633364913574528288e+00
7.363672337265521506e+00 8.793286316353091436e+00
7.034206703049282972e+00 7.406923133241207324e+00
3.206717104614457803e+00 1.450244419191386847e+01
5.781039016381307682e+00 1.224300722407725672e+01
5.985897454298995335e+00 1.246413112378974297e+01
4.108524576733819877e+00 1.167658307004360729e+01
3.392341945388642088e+00 1.211049800744817340e+01
7.872166108639381932e+00 6.656031339111358136e+00
4.837947599633227291e+00 1.056758998121010862e+01
4.628561741986721323e+00 1.120308385367710713e+01
2.606675748309094320e+00 1.105162482450305994e+01
2.607377975169762330e+00 7.233856316747345083e+00
7.712893028876331769e+00 1.363686547852030806e+01
5.771532551916774167e+00 1.176454178590871891e+01
3.515307038568010523e+00 1.095327045422112811e+01
5.436582724163361746e+00 1.319967563810756950e+01
5.662567127455776728e+00 1.280065022046832901e+01
3.112074124801381902e+00 1.011723403731539683e+01
8.071064322239147160e+00 1.304876233361646065e+01
9.595292695252782167e+00 1.004920374160970731e+01
7.811600665946124344e+00 9.927295043752137005e+00
4.096754761172346271e+00 2.385356175272823620e+00
3.439400146277951986e+00 6.917068820942016139e+00
6.401090672880720867e+00 1.180386570829056581e+01
5.074120271271149285e+00 7.111497543984011571e+00
7.150916156116582378e+00 9.453104139208836187e+00
6.088772018214518411e+00 9.683486663763400060e+00
1.062297164916454317e+00 1.417751662546302605e+01
2.016813213491349011e+00 1.160122221602961723e+01
9.089201078672690670e-01 5.245592683904822806e+00
7.780715617608708889e+00 8.857147097201002239e+00
3.595206268508440051e+00 3.085847331150992190e+00
9.288828510802913385e+00 1.466277157172712897e+01
7.161469406529825221e+00 1.171681881828809146e+01
4.923304190488324572e-01 1.132908331118877854e+01
1.052145242695193383e+00 9.009785080028905213e+00
3.512105621420073209e+00 1.501599740272386363e+01
2.692100295371606666e+00 1.807559362896868027e+00
2.881702795755075375e+00 1.572803944636536055e+00
3.185435565732860574e+00 1.749698775768166570e+00
2.372711528290816219e+00 1.166053931261054366e+01
6.893596797941814458e+00 1.087863672217433297e+01
1.730661197124419681e+00 9.941880684594792683e+00
6.676027873806860136e+00 8.791846713287529980e+00
3.956990772709515491e-01 1.081813127123613860e+01
1.188202355769172769e+00 1.350399177868145628e+01
4.685111239291321894e+00 1.053623430434521602e+01
4.651634413306005023e+00 9.439862200229397260e+00
5.710465185189309345e+00 3.066078043818857513e+00
1.375315104838598534e+00 2.532517310458278548e+00
2.139962454095288624e+00 1.605552110266127741e+01
2.685066591235124367e+00 1.922747056587884273e+01
3.749205875450414283e+00 5.374168147991857936e+00
7.982051943148125162e-01 8.128153586502450123e-01
7.072376712492470574e+00 2.856858381095176647e+00
2.836121406254958899e+00 1.136225311904043522e+01
4.170546598310101771e+00 1.378692225219178980e+01
2.145459145738283446e+00 7.046676496313443394e+00
3.432547125062984872e+00 2.490058359961700329e+00
6.374109503209175465e+00 8.644240691835886281e+00
6.325421028391966516e+00 1.225330162820647040e+01
4.012238888174146645e+00 6.017731038631774609e+00
5.459505130315569943e+00 1.113152289389893213e+01
5.578206052612252996e+00 6.952136221745108813e-01
7.092526501279181161e+00 1.120553343893935505e+01
1.541219977356936388e+00 9.368590609536434854e+00
4.534055203883325724e+00 1.289719111992227418e+01
8.399762010052508998e+00 1.563248955691801001e+01
4.016980334896731009e+00 1.484428214070853969e+01
4.887311669518719981e+00 9.023020106951666008e+00
8.047684263284429207e+00 2.198464808955073124e+00
5.041737892282126765e+00 9.086091947360593224e+00
6.149506774997784753e+00 9.187992148300585526e+00
5.200413267109627036e+00 8.129288431234531487e+00
2.093473837222128875e+00 2.524177626818232767e+00
3.714934710218925407e+00 1.105653011253972018e+01
1.864263415500499788e+00 1.094683451903924798e+01
7.604503759332518875e+00 1.833505199920066886e+01
6.610113910988594021e+00 1.096264625097966317e+01
6.844916836910916125e+00 7.799895128307085201e+00
5.909157276362763334e+00 1.107991907238521279e+01
8.508157724339691086e+00 6.701109943312060224e-01
7.766470696295764142e+00 1.117993400874501120e+01
7.867524923217378507e+00 1.143547880222804913e+01
3.228160311406560901e+00 1.225675765048625543e+01
1.326870678676634219e+00 6.658981673443837401e+00
4.228852422741722350e+00 6.288614187015616475e-01
4.512276039898076796e+00 8.232343799063407630e+00
6.164235285116717478e+00 1.767830435757495522e+01
7.348271444184392820e+00 9.513993810105720428e+00
9.117478140379517981e+00 5.414910813115914934e+00
7.605216159798873221e+00 1.071875747628921793e+01
7.676328152588802745e+00 1.085442090993777597e+01
3.279343356620974426e+00 1.081663156766551914e+01
5.283658737289102625e+00 6.940845969399941140e+00
5.293497408587948705e+00 7.994716679170162266e+00
3.790002641871538902e+00 5.654144953997601419e+00
6.208643436769365032e+00 9.565129635794747287e+00
1.980511345851257765e+00 1.064321543023167571e+01
1.530143705500185414e+00 1.087732568945306610e+01
1.473830061251631074e+00 1.062993172675070142e+01
1.310657787342155434e+00 1.358957473868564136e+00
6.700312688418891049e+00 9.823790979895612452e+00
4.653544429558594153e+00 8.103168457833959337e+00
2.074420984445521476e+00 8.032860461220932891e+00
4.725032141270275154e+00 9.158055736974947791e+00
6.154959472607099080e+00 3.298252852540209723e+00
1.847033674238632406e+00 6.598978586840687832e+00
4.208102572501491778e+00 1.080566407996051659e+01
4.585209430475549297e+00 9.295835599312686881e+00
2.692297789869369851e+00 7.464273307305761662e+00
6.269951046722415100e+00 9.058467352046095655e+00
5.337391857340063606e-01 5.727456524512262170e+00
3.454395049216424152e+00 1.738191452216889532e+00
5.451979520331883933e+00 5.610634512740016788e+00
7.057210960089054241e-01 1.332298709411596782e+01
4.622578709272771036e+00 1.036616407250728678e+01
4.206215016935731299e+00 4.122153380766882869e+00
4.224251451860723705e+00 4.952823078349321229e+00
2.294667590293138382e+00 9.704140098047480123e+00
6.506459090223947861e+00 8.790848724104556311e+00
2.499011039380840238e+00 5.068510271397545175e+00
9.307295173820600453e+00 4.723280549737316925e+00
2.237048385268704642e+00 1.104758285067102541e+01
4.909547621184547239e+00 7.643153138968070692e-01
2.224204295993795100e+00 1.284468090025903564e+01
5.493897518009047687e+00 8.046831475504053088e+00
7.657826650383639411e+00 1.276555191057088123e+01
5.353535512896121062e+00 1.158510821143503478e+01
3.199715647824694198e+00 9.793089873458766803e+00
5.886987454290577126e+00 1.465426085800873679e+01
4.556701049600604847e+00 1.019700316234541049e+01
4.289856991024431743e+00 1.203087650558002686e+01
1.786183249034672516e+00 5.202293684926972972e+00
4.873399088927379275e+00 1.109109340583913550e+01
6.388362951479127361e+00 8.929822940870513648e+00
2.236090908637674790e+00 7.695197616295979870e+00
4.190287450011304315e+00 1.066429274429288299e+01
4.421741918698580243e+00 9.935637538070437813e+00
3.515667522145046409e+00 1.196622422944227893e+01
9.245651544033529845e+00 1.923983866479526839e+01
6.651799406383400282e+00 9.669798720527841951e+00
2.136682446185299344e+00 4.944923910834687852e+00
7.842979629000275565e+00 6.198279157380057747e+00
4.292474863820687325e+00 1.841054464653099032e+01
8.683884484305613327e+00 1.501243674519609783e+01
3.176809504234775261e+00 1.108578145214675459e+01
4.280876093565332496e+00 1.296814512028375965e+01
4.175675894296147383e+00 1.270486217210350866e+01
1.929361071924468485e+00 8.162009288858874001e+00
1.901843039776321076e+00 8.385221530312382043e+00
9.438148570063216170e+00 1.647129636017752574e+01
5.432758863086728063e+00 1.263039613628290603e+01
3.041105869793336858e+00 1.185090931278658211e+01
4.557986039078614660e+00 9.787737256246211714e+00
4.221054495245976312e+00 4.629445712339668617e+00
2.573276062048223789e+00 3.680159068538803702e+00
7.044682407579148098e+00 1.088935261784350494e+01
7.828521728443467609e+00 8.493068853181155120e+00
3.339054272459408779e+00 3.055029422782034043e+00
7.732239226425977385e+00 9.745388232644248916e+00
8.663400846596045923e+00 1.976194118751300799e+00
2.052817069157045538e+00 4.516199954599092514e+00
2.462377381472727667e+00 1.103390618198118034e+01
1.398500292280830948e+00 8.750383920320546238e+00
5.955929158036394000e+00 1.122993593260028433e+01
2.870300793022453334e+00 1.244288809927681250e+01
3.704227002257983958e+00 1.117138388358144319e+01
6.397145440526055715e+00 8.062794323505457328e+00
2.396035039845602732e+00 1.039328907338626351e+01
7.564793596638605067e+00 1.099848110968632753e+01
4.162471038439983673e+00 1.179707935790201923e+01
3.513941472219901829e+00 1.932668252118047159e+00
9.119018167884558324e+00 1.400756062069205043e+01
2.681261050102351717e+00 1.264952099818568598e+01
7.480516640704260922e+00 2.412573725520550383e+00
9.337360251725666416e+00 6.342097645042886755e-01
1.947146682738323031e+00 1.313180802593551988e+01
7.578978594207503861e+00 1.141853291628468270e+01
5.629842376518119806e+00 7.904514312548912791e+00
5.200805373638131890e+00 9.138335086435821708e+00
7.501373715569120471e+00 9.572568496077767719e+00
5.341152359407190353e+00 1.123534436526175107e+01
2.161435859486001920e+00 6.489017417401610643e+00
1.535052050159658510e+00 7.203396810660841254e+00
4.472849400615907633e+00 1.224588239324317307e+01
7.846071368860013884e+00 9.399735120839000757e+00
7.833243798458255469e+00 1.027362834276210357e+01
8.702795172408805513e+00 1.302529076028686816e+01
6.527165433562434060e-01 1.937410522454625195e+01
9.583984724570035141e+00 7.774405270055538608e+00
5.005032368494732875e-01 1.009654569897352339e+01
8.470422845959133085e+00 9.485856055111213436e+00
4.426120035072359293e+00 1.018479415876306859e+01
2.204216054724079665e+00 1.222864540937493416e+01
3.981575810456769116e+00 1.057834963959200714e+01
7.536246786897197403e+00 8.874663850149314470e+00
6.178788486362615906e+00 9.428699209480777554e+00
2.117484822324155136e+00 1.178156129327761903e+01
5.832052367074160415e+00 5.776569861872808076e+00
9.717728868337753845e-01 6.580484928155022395e+00
8.333786334227195169e+00 1.169040020343060782e+01
1.676398969517259196e+00 8.540512901540557422e+00
3.021271826312545095e+00 1.857479052489062354e+01
7.042218049419952663e+00 7.613886648585082462e+00
4.881944491806041064e+00 6.934628956507488340e+00
6.339011043138059520e+00 4.901234946812060400e+00
7.866241208932349238e+00 7.026928329436505472e+00
2.055936396204926631e+00 7.818889364583577084e+00
2.481169692723778297e+00 1.056254489498040705e+01
4.251762708486920062e+00 1.346593785119690523e+01
3.148802993500856573e+00 5.582387185527296625e-01
4.998414768482347448e+00 1.129952042225117559e+01
8.259498687523096905e+00 3.200276602029051176e+00
7.393563448857062070e+00 1.162234807732940567e+01
1.454283768578525926e+00 1.671931377138015051e+01
5.453929858719754442e+00 6.792117862025579100e+00
4.077582656049675514e+00 1.099757850026637307e+01
8.701424204475786794e+00 5.450899160798529763e+00
3.904824845182169657e+00 1.121357791035113038e+01
9.029150642791844428e-01 7.652773542535859619e+00
4.050634840223349187e+00 2.876073179869212737e+00
5.963435506085454918e+00 1.517310557700054474e+01
1.987483940083641265e+00 4.093392480066898820e+00
2.257758322058687206e+00 6.886984942404289711e+00
5.944184171237371750e+00 6.093165005341931284e+00
6.790757436401776204e+00 9.518646699531705835e+00
4.944916888602047145e+00 8.052799427726322179e+00
3.166676206478145517e+00 1.062339375134219388e+01
1.725228623269593697e+00 1.085770692343064603e+01
7.721407915718139670e+00 1.065554067747258138e+01
2.881511177652845479e+00 3.041995103885958063e+00
3.263114786729774508e+00 1.541123544563329339e+01
4.435335008674602619e+00 3.853758751558503892e+00
3.707405807425045996e+00 1.215587248218773908e+01
6.316652687700866409e+00 7.465753276975444663e+00
5.771097863298294328e+00 3.914418337469974585e+00
2.526960882531335884e+00 1.069713238399992683e+01
2.153369237264216807e+00 1.115308322640847649e+01
8.200733499437431462e+00 5.940656910327650309e+00
3.520929698022553289e+00 1.083274512211252016e+01
4.772669655414473411e+00 8.005477645901125427e+00
3.088856693804448827e+00 1.200558078011076368e+01
8.896543521972184010e+00 1.128731391923391136e+01
5.980389064393759391e+00 7.355444649150144620e+00
2.187368429679364734e+00 1.036084705779536286e+01
5.323172596995510375e+00 9.037145496228140118e+00
6.458068246090860498e+00 1.204462702532304341e+01
8.931133079471518244e+00 8.037238296784657621e+00
